opponent_orb,fg%,tov%,efg%,drtg,tov,opponent_ft,opponent_3p,ft,fta,ortg,opponent_fg%,fga,opponent_fga,trb,3par,tov%_1,orb,3p,drb%
15.2,0.498,15.2,0.502,109.0,19.4,21.1,1.1,24.7,30.8,108.6,0.5,94.4,97.5,44.7,0.027,14.4,14.1,0.6,66.8
16.0,0.529,16.5,0.53,103.9,20.0,17.4,1.0,19.8,25.5,109.5,0.47,89.9,96.6,45.6,0.014,14.0,13.2,0.2,66.9
15.0,0.474,13.2,0.476,106.4,16.7,20.1,0.8,20.8,26.9,106.7,0.501,98.1,92.8,45.0,0.023,16.3,15.9,0.4,65.9
15.8,0.496,15.7,0.498,107.5,19.7,24.0,0.7,20.7,27.7,106.5,0.495,93.6,91.4,43.2,0.025,16.4,15.1,0.5,64.0
14.2,0.49,15.4,0.501,101.9,18.8,20.9,0.9,23.3,29.9,109.4,0.47,90.1,89.2,44.9,0.057,16.5,15.0,2.0,67.8
17.0,0.473,14.8,0.479,106.2,18.5,21.1,0.7,21.4,28.5,105.5,0.489,93.8,92.0,45.4,0.041,17.0,17.0,1.1,62.5
14.8,0.493,16.4,0.498,102.2,19.9,19.4,1.2,23.2,30.1,105.6,0.476,88.2,91.2,43.0,0.039,16.5,13.1,0.8,66.9
15.7,0.48,15.5,0.487,108.0,19.1,20.7,0.7,21.7,28.4,108.1,0.496,91.4,90.0,44.0,0.051,16.1,17.0,1.3,63.2
16.6,0.488,15.0,0.491,102.9,18.2,20.9,0.9,19.6,25.6,106.8,0.462,92.1,91.3,44.4,0.021,16.2,15.2,0.6,63.8
16.1,0.492,17.2,0.494,101.0,20.8,20.0,0.9,22.9,29.6,105.0,0.455,87.3,92.2,46.6,0.017,15.5,14.5,0.3,66.7
16.1,0.48,16.9,0.483,108.8,21.2,22.7,0.7,19.4,26.2,101.2,0.496,92.6,94.6,44.4,0.029,15.2,15.0,0.7,64.7
14.7,0.47,14.9,0.474,101.2,18.2,20.0,0.7,21.1,27.5,105.8,0.459,92.3,90.5,47.9,0.025,15.4,16.8,0.7,67.9
15.7,0.461,16.6,0.466,102.5,20.8,23.9,0.7,23.0,29.3,101.5,0.469,91.5,90.6,45.9,0.04,16.5,15.0,1.0,66.4
14.6,0.463,15.1,0.469,107.6,18.7,20.7,0.9,22.8,31.0,103.4,0.492,91.1,92.6,46.8,0.034,14.4,16.0,1.0,67.8
13.9,0.478,14.5,0.48,101.0,17.5,23.2,0.5,20.4,27.4,104.0,0.476,91.3,85.3,44.1,0.015,17.9,14.5,0.3,68.1
14.9,0.47,14.6,0.482,109.8,17.6,19.7,0.5,19.5,26.4,105.7,0.5,91.4,91.6,43.9,0.072,14.2,15.8,2.2,65.4
14.1,0.484,17.2,0.489,107.0,20.5,22.1,0.7,24.6,31.6,104.3,0.496,84.7,88.1,43.7,0.04,15.7,13.6,0.9,68.0
14.6,0.458,13.7,0.463,105.7,16.8,20.7,0.7,18.9,25.0,103.2,0.465,95.1,94.8,49.5,0.031,12.3,16.3,0.9,69.5
15.4,0.464,15.4,0.465,102.3,18.2,24.4,0.6,24.9,32.3,105.2,0.458,85.7,83.8,46.0,0.011,17.1,16.7,0.2,65.6
12.9,0.482,15.5,0.484,106.3,18.2,23.2,0.9,17.2,23.3,102.0,0.493,89.2,85.1,43.8,0.017,15.5,14.1,0.3,69.8
13.9,0.476,16.1,0.477,104.3,18.9,20.9,0.7,19.0,25.6,103.4,0.478,87.4,85.5,45.2,0.018,15.3,15.8,0.3,67.9
14.1,0.496,16.7,0.5,110.4,18.8,20.8,0.8,19.2,23.7,104.2,0.496,83.1,87.6,40.6,0.027,13.5,11.8,0.7,67.1
16.1,0.475,13.4,0.477,109.8,17.6,22.7,0.5,29.1,37.2,109.4,0.506,97.1,97.8,46.6,0.018,14.6,16.2,0.4,65.4
15.4,0.498,15.7,0.5,101.8,19.3,24.7,0.4,22.0,28.5,108.7,0.459,91.1,88.0,44.7,0.018,16.6,15.4,0.4,65.6
14.8,0.491,15.4,0.492,105.7,18.7,21.5,0.5,25.0,32.5,108.5,0.472,88.7,92.5,47.4,0.012,14.1,15.9,0.2,68.0
15.7,0.514,17.3,0.515,99.5,20.8,22.6,0.6,22.7,29.6,107.0,0.451,86.3,89.5,45.2,0.012,16.3,13.3,0.2,67.1
16.8,0.512,15.8,0.513,103.9,19.0,19.5,0.5,18.8,25.8,107.6,0.465,90.0,93.9,44.6,0.013,14.6,14.2,0.2,64.4
15.2,0.496,15.2,0.498,105.7,18.5,22.0,0.4,19.2,26.7,106.5,0.488,91.9,89.6,44.3,0.02,15.8,15.2,0.3,65.7
14.1,0.49,17.1,0.492,99.4,21.1,21.5,0.8,22.1,29.6,104.6,0.466,89.3,88.1,45.4,0.022,17.5,15.0,0.4,68.2
14.5,0.504,16.2,0.509,102.6,19.2,21.4,0.4,21.7,28.9,108.4,0.462,86.6,89.0,43.6,0.034,15.1,14.1,0.8,67.0
13.9,0.489,15.6,0.493,109.7,18.9,22.0,0.5,22.3,30.6,108.5,0.504,88.8,87.9,46.0,0.029,14.4,17.1,0.7,67.5
14.0,0.501,17.2,0.504,105.8,20.4,20.4,0.6,24.2,31.3,107.8,0.489,84.2,87.9,45.1,0.026,15.5,15.0,0.5,68.4
14.4,0.487,14.9,0.489,106.7,17.7,19.1,0.6,20.9,27.1,107.0,0.493,89.5,89.5,43.5,0.016,14.7,14.8,0.3,66.6
14.0,0.483,15.0,0.487,104.4,17.8,19.1,0.5,21.7,29.1,106.0,0.501,88.5,86.5,40.8,0.033,17.2,13.9,0.7,65.8
15.2,0.482,15.1,0.484,105.0,18.2,21.4,0.5,22.1,31.0,106.4,0.489,88.4,86.2,43.8,0.023,17.0,16.2,0.4,64.5
13.9,0.5,15.1,0.503,104.7,17.7,23.0,0.4,19.2,26.9,104.7,0.481,87.2,86.8,42.5,0.023,15.6,12.6,0.6,68.3
12.9,0.475,16.6,0.478,106.7,20.3,24.5,0.3,21.7,28.9,101.0,0.505,89.2,87.3,42.3,0.019,16.4,13.3,0.4,69.2
13.3,0.477,14.5,0.486,107.6,17.2,22.2,0.4,20.1,27.4,106.0,0.505,88.8,84.8,40.4,0.056,16.2,14.3,1.6,66.3
14.1,0.467,14.2,0.472,109.1,17.0,22.0,0.6,18.1,23.3,104.3,0.503,92.8,87.5,42.7,0.033,15.2,15.3,0.9,66.0
14.7,0.472,14.4,0.476,102.7,17.3,19.4,0.5,18.3,25.3,102.7,0.47,91.7,91.4,45.0,0.032,14.3,14.1,0.8,67.8
14.7,0.479,16.7,0.48,107.3,19.6,24.7,0.4,24.5,31.6,104.3,0.495,83.7,83.7,41.8,0.012,17.3,14.6,0.1,64.8
15.2,0.468,15.7,0.47,104.8,18.6,21.0,0.5,22.1,29.0,103.2,0.465,87.1,90.5,43.9,0.016,13.8,14.2,0.4,66.1
14.3,0.462,15.2,0.466,110.8,17.5,21.1,0.4,22.8,30.3,102.4,0.513,84.5,86.1,40.1,0.024,15.1,13.5,0.6,65.0
14.1,0.488,15.5,0.491,109.4,17.4,22.9,0.5,19.5,25.4,103.4,0.489,83.2,85.6,40.1,0.024,13.8,11.7,0.5,66.8
13.3,0.463,18.0,0.464,104.3,21.5,20.3,0.4,20.6,28.4,98.1,0.509,85.2,83.8,40.4,0.012,18.6,14.6,0.2,65.9
16.6,0.52,14.1,0.522,113.9,17.9,21.1,0.8,28.9,36.3,114.3,0.524,93.4,99.3,43.8,0.019,13.9,14.0,0.5,64.3
15.5,0.517,14.7,0.518,105.5,17.9,17.5,1.0,18.9,26.4,110.2,0.488,92.5,93.6,45.9,0.012,14.8,15.3,0.2,66.3
14.0,0.486,13.0,0.49,107.6,15.8,23.1,0.7,22.1,28.5,109.9,0.483,92.8,90.1,46.2,0.033,13.7,15.3,0.8,68.8
14.5,0.499,14.7,0.502,103.5,17.7,20.0,0.5,22.2,30.0,109.8,0.47,89.4,90.6,45.6,0.025,14.6,15.3,0.6,67.6
15.7,0.518,15.5,0.521,103.9,18.0,22.6,0.7,22.5,30.1,109.6,0.476,85.0,86.4,41.7,0.02,16.5,12.6,0.5,65.0
14.1,0.482,16.0,0.485,106.6,19.9,20.1,0.5,23.6,31.5,105.8,0.509,90.1,89.8,44.4,0.029,16.4,15.8,0.6,66.9
13.6,0.496,14.5,0.502,107.7,17.4,22.6,0.5,20.8,29.0,108.8,0.49,89.6,88.4,45.5,0.044,14.1,15.6,1.1,68.8
15.3,0.494,14.5,0.496,111.7,17.5,22.4,0.6,20.9,27.8,106.2,0.509,90.8,91.8,42.8,0.013,14.1,14.0,0.3,65.3
14.9,0.505,14.4,0.507,108.2,17.0,19.9,0.7,21.0,29.1,108.8,0.499,87.6,88.9,42.6,0.019,15.0,13.9,0.4,65.9
12.6,0.5,16.2,0.507,113.8,19.1,24.2,0.4,20.6,28.5,106.6,0.526,86.6,86.6,40.6,0.048,13.9,13.8,1.2,68.0
14.3,0.505,16.5,0.509,102.3,19.4,21.8,0.7,21.4,28.4,107.7,0.467,85.5,86.2,43.7,0.023,15.9,14.2,0.6,67.3
15.1,0.488,14.1,0.491,102.3,16.5,19.3,0.6,21.3,28.8,106.4,0.461,87.5,90.3,44.5,0.021,14.4,13.5,0.5,67.2
14.3,0.495,15.5,0.497,107.2,18.4,24.5,0.6,18.9,26.3,104.2,0.5,88.8,85.2,41.0,0.018,16.5,13.2,0.3,66.0
13.9,0.484,16.6,0.487,102.3,20.1,23.7,0.7,20.9,28.7,103.0,0.482,88.1,84.6,42.9,0.02,18.3,14.6,0.4,67.0
13.8,0.501,17.3,0.505,108.6,20.0,18.7,0.7,23.8,31.0,106.6,0.495,82.0,90.1,44.5,0.032,13.2,13.7,0.7,69.0
13.7,0.491,15.4,0.495,108.6,18.1,21.9,0.6,19.5,26.5,106.0,0.505,87.5,85.6,42.0,0.03,15.4,14.2,0.7,66.9
14.1,0.491,15.9,0.495,102.4,18.6,20.4,0.6,19.9,26.3,105.8,0.466,87.1,87.6,44.4,0.024,14.6,13.7,0.7,68.5
14.3,0.476,13.7,0.479,108.3,16.1,18.3,0.6,19.8,27.1,108.3,0.497,89.8,87.6,45.0,0.024,14.3,17.1,0.6,66.1
13.5,0.469,13.7,0.473,110.4,16.1,22.5,0.4,21.2,28.9,105.9,0.508,88.1,84.8,42.0,0.026,14.5,14.8,0.7,66.8
13.5,0.474,14.7,0.478,102.5,17.0,20.1,0.5,19.8,25.7,103.3,0.465,87.4,88.2,44.3,0.033,13.9,12.8,0.7,69.9
13.7,0.464,13.7,0.466,111.8,16.1,23.2,0.5,19.9,26.6,103.3,0.512,89.4,85.9,41.0,0.019,14.7,14.5,0.3,65.9
14.7,0.465,14.6,0.472,104.6,17.0,19.0,0.4,19.7,26.5,102.7,0.491,87.4,86.1,42.8,0.044,15.9,13.9,1.3,66.3
13.8,0.474,14.6,0.476,104.6,16.4,23.1,0.6,22.4,29.1,105.1,0.47,82.6,81.8,42.7,0.019,15.6,13.8,0.3,67.6
16.7,0.494,14.0,0.495,109.1,18.2,21.8,0.9,26.6,32.9,109.7,0.505,97.5,99.0,45.6,0.016,15.1,14.8,0.3,64.8
15.8,0.528,15.9,0.528,105.2,19.3,17.7,0.7,18.2,24.8,110.5,0.49,91.6,92.9,44.7,0.013,15.5,15.1,0.1,65.3
14.1,0.504,15.1,0.51,106.6,18.3,20.9,0.6,23.0,30.1,110.1,0.485,89.5,91.8,46.7,0.042,14.4,15.0,1.1,69.1
15.2,0.497,16.4,0.5,104.9,20.6,25.7,0.5,22.4,30.9,106.2,0.487,91.3,88.4,44.7,0.029,16.8,15.3,0.6,65.8
14.8,0.487,13.5,0.489,109.8,16.4,20.8,0.6,22.6,30.0,109.4,0.502,92.1,91.2,44.8,0.025,14.0,15.8,0.5,66.2
15.4,0.477,15.1,0.481,105.8,19.0,20.1,0.3,23.4,31.6,105.4,0.495,92.7,93.6,46.2,0.036,15.4,16.0,0.9,66.2
14.5,0.492,15.2,0.494,101.8,18.8,21.3,0.6,21.1,28.6,106.9,0.47,92.0,90.3,46.4,0.025,16.0,15.5,0.5,68.1
16.2,0.499,16.3,0.501,100.9,19.8,19.8,0.7,24.0,32.3,108.3,0.461,88.0,91.1,47.9,0.015,15.8,16.3,0.3,66.2
14.6,0.48,16.9,0.483,108.0,21.3,22.3,0.6,24.2,32.8,103.4,0.495,89.9,94.0,46.3,0.028,14.3,15.5,0.5,67.9
16.0,0.494,15.5,0.496,102.8,18.7,19.7,0.6,21.9,30.0,105.9,0.46,88.7,93.9,45.4,0.019,14.3,14.0,0.4,66.2
17.5,0.48,16.7,0.483,105.1,20.5,20.1,0.6,22.5,29.8,101.2,0.478,89.5,96.7,44.4,0.025,15.2,13.3,0.5,63.9
14.7,0.48,15.2,0.483,109.4,18.7,22.1,0.5,17.6,23.3,103.8,0.517,94.2,88.8,43.8,0.031,16.4,15.8,0.6,65.5
15.2,0.483,15.9,0.485,107.4,19.6,21.4,0.5,19.8,26.8,103.9,0.51,91.6,88.5,43.5,0.02,16.9,15.6,0.4,64.6
13.4,0.475,15.7,0.479,109.3,19.5,23.9,0.4,19.4,26.8,104.7,0.529,93.1,84.3,42.7,0.034,17.6,17.0,0.8,65.8
13.7,0.486,15.4,0.488,103.9,18.2,19.2,0.7,22.6,30.6,106.0,0.486,86.9,87.9,43.4,0.021,16.0,14.4,0.4,67.9
14.8,0.497,16.0,0.499,100.1,18.8,20.8,0.5,19.8,26.7,105.1,0.455,87.3,88.6,44.0,0.022,15.9,13.3,0.5,67.5
15.9,0.489,15.1,0.491,101.4,17.6,20.3,0.5,21.1,28.0,105.8,0.456,87.0,89.2,43.6,0.024,15.5,13.4,0.5,65.5
13.4,0.492,18.7,0.494,98.9,22.8,21.3,0.5,19.8,28.1,101.6,0.478,87.1,84.9,45.0,0.021,18.9,15.4,0.4,68.8
15.9,0.469,15.0,0.472,103.2,17.4,19.6,0.5,19.3,25.7,102.2,0.47,87.1,87.8,43.6,0.026,15.2,13.9,0.5,65.1
13.1,0.482,16.2,0.484,99.9,18.4,20.7,0.5,19.8,27.8,102.4,0.475,82.8,80.4,40.8,0.019,18.1,13.2,0.4,67.8
14.6,0.448,15.9,0.453,108.3,19.2,21.7,0.4,17.1,23.6,97.0,0.503,90.8,88.3,42.3,0.036,15.4,14.7,0.8,65.4
13.6,0.468,16.6,0.473,99.3,19.4,18.4,0.5,17.7,25.1,99.1,0.468,86.1,85.9,43.0,0.034,16.2,13.4,0.9,68.6
11.9,0.465,16.4,0.467,106.8,18.8,21.7,0.4,17.4,24.2,99.2,0.489,85.3,84.3,43.7,0.017,13.8,14.3,0.4,71.3
15.0,0.493,12.8,0.498,112.3,16.4,26.1,0.8,26.8,32.8,111.3,0.518,97.4,94.5,43.6,0.032,14.6,13.8,0.9,66.6
15.8,0.506,14.0,0.511,111.4,17.6,22.4,0.6,24.0,31.8,111.2,0.505,94.2,96.5,45.8,0.034,13.7,15.0,1.0,66.2
14.2,0.48,12.7,0.482,108.1,16.0,23.7,0.6,24.1,31.1,111.5,0.496,96.5,89.9,47.1,0.018,14.8,17.4,0.4,67.7
15.3,0.532,16.1,0.536,107.3,19.2,21.5,0.8,20.9,27.7,110.9,0.483,88.4,92.7,43.8,0.031,14.3,13.4,0.7,66.6
17.8,0.498,15.2,0.505,108.0,18.4,21.9,0.6,25.8,33.0,109.0,0.476,88.3,96.0,44.1,0.044,13.9,13.4,1.2,63.4
12.9,0.505,15.1,0.507,107.7,18.1,21.9,0.7,24.2,32.2,111.2,0.514,87.7,84.7,42.0,0.018,17.0,15.3,0.3,67.4
13.4,0.5,14.6,0.504,104.4,17.3,20.2,0.9,23.3,29.4,110.9,0.47,88.2,89.9,45.1,0.032,13.8,14.1,0.7,69.7
13.0,0.509,15.1,0.514,108.0,17.7,23.9,0.7,20.4,26.9,108.9,0.497,88.0,86.1,41.0,0.04,15.3,13.0,0.9,68.3
13.6,0.496,15.3,0.498,112.4,18.5,21.3,0.6,21.8,29.6,109.2,0.509,89.3,90.3,45.0,0.017,12.9,15.9,0.3,68.2
14.6,0.495,15.6,0.497,108.2,19.0,25.8,0.5,19.3,26.1,105.3,0.483,91.9,90.4,44.9,0.02,14.1,14.6,0.4,67.5
14.4,0.5,13.6,0.503,109.6,15.9,20.6,0.8,21.6,28.7,110.0,0.499,88.2,88.8,40.9,0.025,14.4,13.3,0.5,65.7
13.7,0.486,15.3,0.49,108.0,18.3,23.3,0.4,23.6,30.4,106.5,0.502,88.2,87.4,41.7,0.026,16.1,14.0,0.6,66.9
13.4,0.498,16.1,0.501,105.0,19.6,24.8,0.6,21.2,30.3,106.1,0.491,88.5,85.0,43.1,0.032,17.0,14.9,0.6,67.8
14.8,0.467,14.9,0.471,108.8,18.5,22.0,0.4,23.4,31.4,105.5,0.517,91.9,87.9,43.4,0.03,17.0,17.0,0.7,64.2
14.2,0.488,14.3,0.49,108.1,16.6,20.2,0.7,23.4,30.0,107.9,0.489,86.4,89.5,41.4,0.02,13.8,13.0,0.3,66.6
15.1,0.495,16.9,0.497,104.6,19.9,21.4,0.6,24.9,33.0,106.8,0.48,83.3,87.0,43.5,0.016,16.0,14.4,0.4,65.9
12.7,0.495,16.7,0.499,103.1,19.4,22.9,0.6,23.7,30.6,107.0,0.488,83.4,81.5,40.5,0.024,17.8,13.3,0.6,68.1
15.3,0.492,15.0,0.497,103.6,17.3,22.8,0.5,21.3,28.7,107.8,0.456,85.0,85.8,42.9,0.033,14.7,13.8,0.7,65.6
14.6,0.483,15.9,0.487,106.5,18.6,22.3,0.4,19.8,25.8,101.8,0.495,87.0,87.5,41.5,0.029,16.2,12.2,0.6,66.8
13.7,0.474,16.3,0.475,107.5,19.2,23.0,0.5,22.8,30.6,102.4,0.494,85.0,86.4,42.0,0.017,15.6,13.9,0.2,67.2
12.6,0.484,15.5,0.489,107.2,17.7,20.6,0.5,20.3,26.8,104.2,0.489,84.2,86.4,41.6,0.041,13.7,12.5,0.9,69.7
12.0,0.465,14.0,0.468,108.5,16.2,23.6,0.6,19.7,26.6,104.1,0.487,88.2,84.5,43.9,0.023,13.2,14.8,0.5,70.8
14.5,0.474,14.4,0.476,106.9,16.2,22.4,0.5,22.4,29.4,105.5,0.479,83.0,83.5,40.8,0.016,15.1,13.6,0.3,65.2
14.4,0.486,13.2,0.491,108.4,16.9,24.7,0.8,24.6,31.3,110.7,0.512,97.3,90.0,44.3,0.029,17.0,16.2,0.9,66.1
15.2,0.545,15.7,0.551,107.0,18.7,20.5,1.0,20.8,27.2,114.1,0.48,88.5,93.2,44.1,0.041,13.7,13.0,1.1,67.1
13.5,0.48,13.0,0.483,107.2,16.4,22.3,1.0,21.7,27.6,109.6,0.496,97.5,90.9,48.0,0.025,14.9,17.1,0.5,69.6
15.5,0.503,14.8,0.506,107.2,18.1,21.2,0.7,24.4,32.5,110.4,0.493,89.9,91.4,42.7,0.027,15.9,14.7,0.6,64.4
13.5,0.508,13.8,0.515,106.3,16.2,18.4,0.9,22.7,28.1,112.8,0.477,89.3,93.2,45.7,0.042,12.6,13.6,1.3,70.4
13.9,0.513,15.6,0.517,109.0,18.8,24.1,0.9,23.9,31.4,109.9,0.496,87.8,89.6,43.9,0.028,15.0,13.7,0.7,68.5
14.2,0.504,15.9,0.508,112.1,19.4,23.9,0.8,24.7,31.6,109.5,0.51,88.7,91.0,42.6,0.033,14.2,14.2,0.8,66.6
14.4,0.492,16.0,0.497,107.3,19.2,22.6,1.0,28.2,35.2,111.3,0.488,85.3,87.3,44.7,0.032,15.7,15.9,0.7,66.6
14.1,0.504,16.0,0.507,106.3,19.6,23.0,1.1,19.3,27.6,107.9,0.481,90.7,88.7,45.4,0.025,15.2,16.2,0.5,67.4
13.0,0.489,12.5,0.499,109.3,14.4,19.4,1.2,22.5,28.3,111.5,0.504,88.8,87.8,42.0,0.061,14.2,13.4,1.9,68.8
15.1,0.491,14.2,0.497,103.6,16.9,24.6,1.0,22.8,30.2,110.5,0.461,88.5,85.0,44.0,0.041,16.1,15.3,1.1,65.6
13.4,0.463,14.4,0.47,113.0,17.8,23.4,0.7,23.7,30.9,106.0,0.536,92.1,87.4,42.3,0.053,16.1,16.2,1.4,66.0
13.2,0.49,13.8,0.493,107.7,16.5,22.5,1.0,19.9,27.3,107.9,0.499,90.8,85.9,43.4,0.03,15.6,15.0,0.6,68.2
16.6,0.476,15.8,0.483,103.4,19.2,22.1,0.9,22.9,29.7,103.3,0.464,89.0,92.7,44.3,0.042,15.7,13.2,1.3,65.3
13.9,0.5,15.4,0.502,109.6,17.8,22.6,1.1,24.2,30.8,108.7,0.488,84.3,87.9,42.0,0.023,13.8,13.1,0.4,67.5
14.8,0.471,14.1,0.478,108.7,16.9,24.0,0.9,22.8,30.4,106.0,0.478,89.8,90.4,44.5,0.045,13.7,14.7,1.2,66.9
13.4,0.476,16.1,0.478,108.4,19.8,25.2,0.8,22.8,30.7,102.5,0.495,89.3,89.4,46.6,0.021,14.3,14.6,0.4,70.5
13.7,0.491,16.3,0.497,106.8,19.3,21.4,0.8,21.4,27.8,104.7,0.493,87.1,89.1,42.1,0.043,15.0,12.5,1.1,68.3
15.2,0.495,16.4,0.499,110.3,19.4,19.6,0.9,20.4,26.9,105.8,0.49,86.8,93.0,43.9,0.026,12.7,14.2,0.7,66.1
16.2,0.484,15.3,0.489,107.3,18.0,22.0,0.6,21.7,28.9,105.9,0.482,86.8,88.6,42.8,0.033,15.2,14.2,0.9,63.8
13.6,0.479,13.4,0.486,104.6,15.6,19.8,0.8,18.0,24.3,104.3,0.487,90.0,87.5,41.5,0.054,15.3,12.3,1.3,68.2
14.9,0.484,15.2,0.487,109.6,17.8,27.8,0.8,20.8,28.7,104.9,0.495,86.6,82.1,39.2,0.028,16.5,13.6,0.6,63.3
13.6,0.474,15.9,0.477,108.2,18.2,20.8,1.0,21.7,28.1,102.8,0.493,84.3,87.1,40.3,0.027,14.6,12.4,0.5,67.3
13.5,0.522,14.9,0.532,105.8,17.9,21.7,0.6,22.1,28.4,113.3,0.48,89.5,90.9,44.6,0.056,13.5,13.4,1.7,69.8
14.9,0.501,13.3,0.51,111.0,15.7,18.8,1.1,25.0,32.2,112.1,0.503,88.5,93.8,42.8,0.061,13.0,12.9,1.7,66.8
14.4,0.496,15.2,0.501,108.2,18.6,24.3,1.0,26.1,34.1,109.2,0.502,88.8,88.4,42.3,0.038,16.4,14.1,0.9,66.3
15.8,0.471,13.0,0.475,105.9,16.3,24.0,0.7,23.5,29.5,107.1,0.491,96.0,90.3,43.2,0.039,16.9,14.9,0.9,64.1
14.3,0.493,13.9,0.501,102.7,16.7,24.1,1.2,25.2,32.9,111.4,0.467,89.1,85.9,44.0,0.052,16.6,14.5,1.5,67.4
14.5,0.49,13.6,0.496,107.6,16.8,22.0,1.1,21.7,29.7,110.1,0.491,93.5,90.3,45.7,0.04,14.8,16.0,1.0,67.2
14.4,0.484,13.3,0.488,107.9,16.4,23.9,0.9,22.0,28.0,109.0,0.492,94.5,89.8,45.6,0.023,14.9,15.6,0.7,67.6
13.3,0.508,14.1,0.518,102.6,16.6,19.7,1.0,21.8,27.4,111.8,0.461,89.2,91.2,46.4,0.054,13.0,12.9,1.7,71.7
14.3,0.482,13.9,0.488,111.6,17.1,21.8,0.8,23.3,30.7,108.3,0.52,92.3,90.6,44.1,0.037,14.9,15.5,1.1,66.7
14.1,0.506,16.5,0.509,108.2,19.8,23.4,1.2,23.0,30.8,106.5,0.493,86.6,89.8,42.5,0.028,15.2,13.0,0.6,67.6
14.5,0.487,16.1,0.49,106.3,19.5,18.9,1.0,26.0,34.3,108.6,0.493,86.1,89.4,45.2,0.032,15.6,16.2,0.6,66.7
13.9,0.503,17.7,0.506,107.2,21.5,24.9,1.1,23.8,32.7,104.3,0.488,85.3,89.1,42.5,0.026,15.1,12.6,0.5,68.3
13.5,0.481,14.7,0.487,112.4,17.5,24.4,0.9,23.4,30.5,108.6,0.504,88.1,87.0,43.4,0.044,13.5,15.6,1.1,67.4
12.6,0.486,15.9,0.489,106.9,19.2,24.5,1.2,22.1,29.2,105.0,0.492,89.0,86.9,44.7,0.029,15.5,14.4,0.5,70.6
13.9,0.49,15.7,0.492,109.2,18.7,24.0,0.9,22.2,28.5,106.2,0.494,88.0,88.1,42.8,0.019,14.4,13.8,0.4,67.5
15.5,0.473,15.3,0.477,112.1,18.4,20.8,0.9,25.2,32.7,105.4,0.507,87.4,92.5,41.7,0.032,14.0,14.1,0.8,64.0
14.7,0.49,15.3,0.493,105.6,18.1,23.2,1.1,24.1,33.0,107.9,0.475,85.7,86.3,44.6,0.024,15.4,15.2,0.4,66.7
14.7,0.488,15.5,0.49,104.6,18.5,23.1,0.8,23.5,32.9,104.2,0.473,86.4,89.5,43.3,0.024,15.4,13.0,0.4,67.2
13.8,0.48,14.6,0.49,108.3,17.2,25.8,1.0,21.3,28.4,105.5,0.475,88.3,88.3,43.2,0.054,13.6,13.2,1.6,68.5
12.5,0.472,15.1,0.478,106.0,17.5,23.3,0.7,22.1,28.4,105.9,0.487,86.1,82.6,41.5,0.042,15.7,14.0,1.0,68.7
12.8,0.481,15.7,0.483,105.9,18.5,24.1,0.9,19.7,26.6,102.6,0.473,87.2,86.9,45.7,0.02,13.7,13.9,0.3,71.3
15.2,0.463,14.2,0.471,104.8,16.4,20.1,0.9,20.8,27.9,103.0,0.467,87.2,89.8,42.7,0.057,14.2,13.0,1.4,66.1
14.2,0.46,15.2,0.466,105.2,17.5,25.6,0.8,18.7,27.3,99.5,0.478,85.8,81.4,39.6,0.034,17.1,13.2,1.0,65.0
14.7,0.504,15.3,0.51,108.6,18.9,24.3,1.4,27.7,35.7,111.5,0.485,88.4,91.7,43.8,0.047,14.8,14.4,1.2,66.6
15.6,0.516,14.0,0.528,106.5,16.6,21.1,1.5,24.5,31.1,115.6,0.467,88.4,91.8,44.4,0.062,13.8,13.7,2.0,66.3
15.3,0.487,12.3,0.503,108.7,14.7,21.3,1.6,26.2,33.1,114.9,0.478,89.9,91.5,45.3,0.089,13.5,14.9,2.8,66.5
14.2,0.471,11.8,0.478,110.2,14.8,27.5,1.4,24.1,31.3,109.3,0.495,97.0,89.5,44.7,0.049,15.4,15.8,1.3,67.0
15.1,0.482,15.0,0.495,110.3,18.4,26.4,1.1,23.8,31.4,110.7,0.479,90.9,89.4,46.0,0.077,13.5,16.7,2.3,66.0
15.1,0.517,14.0,0.532,106.8,15.9,19.9,1.5,21.2,26.3,113.5,0.463,86.0,91.5,42.9,0.08,12.0,11.4,2.5,67.6
15.2,0.479,13.7,0.487,111.2,16.5,24.3,1.9,24.0,30.8,108.9,0.493,90.4,89.5,43.2,0.049,14.2,14.5,1.4,65.3
13.9,0.49,14.5,0.492,105.8,17.3,23.8,1.6,24.3,31.7,109.2,0.462,88.3,89.1,47.5,0.023,13.3,15.2,0.5,69.9
15.1,0.497,15.3,0.501,110.3,18.3,23.7,1.5,23.2,30.5,108.0,0.494,87.7,89.5,42.4,0.035,14.4,13.6,0.7,65.7
14.1,0.475,14.2,0.48,112.1,17.1,23.4,1.5,24.1,30.2,108.9,0.489,90.4,91.1,45.4,0.041,12.4,15.6,0.9,67.8
14.5,0.475,13.0,0.487,105.6,15.4,25.8,1.5,23.8,31.1,109.5,0.47,88.8,84.2,42.0,0.079,16.0,13.6,2.3,66.1
14.6,0.481,13.3,0.49,105.2,15.6,24.2,1.6,24.6,32.5,112.6,0.451,87.1,85.3,46.7,0.06,13.9,16.5,1.6,67.4
13.8,0.476,16.4,0.487,110.5,19.7,28.7,1.4,24.4,31.8,105.6,0.48,86.4,86.9,43.6,0.063,13.8,14.3,1.8,68.1
13.4,0.474,14.2,0.482,110.8,17.1,21.8,1.3,20.7,28.0,105.9,0.507,90.9,89.1,44.3,0.054,14.5,15.7,1.4,68.1
16.0,0.464,14.1,0.473,103.7,17.1,24.1,1.7,21.2,29.1,104.1,0.456,91.6,89.5,44.5,0.06,15.7,14.6,1.7,65.2
14.2,0.477,14.3,0.483,105.5,16.9,23.0,1.2,21.3,28.7,106.5,0.463,88.6,88.1,44.8,0.045,14.1,14.5,1.1,68.0
14.8,0.491,16.1,0.497,108.5,18.5,18.9,1.5,24.0,31.9,108.3,0.491,82.8,87.9,42.7,0.05,14.5,14.4,1.1,65.7
13.6,0.472,13.4,0.478,106.6,15.6,23.9,1.3,20.7,26.5,106.0,0.48,89.3,85.0,43.9,0.043,14.9,13.8,1.1,68.8
16.3,0.454,13.3,0.457,107.0,15.9,20.2,1.3,23.6,30.9,105.7,0.473,90.2,90.9,44.1,0.029,14.6,15.9,0.5,63.4
12.5,0.473,13.4,0.478,107.6,15.3,21.1,1.4,21.4,27.5,108.6,0.483,87.3,84.3,44.5,0.042,13.8,15.2,1.0,70.0
14.5,0.452,15.0,0.457,112.3,18.2,22.9,1.3,22.8,30.7,101.2,0.518,89.4,88.5,41.1,0.047,15.5,15.0,1.0,64.3
15.3,0.47,16.4,0.476,106.4,19.7,20.3,1.2,21.7,31.1,102.6,0.478,86.9,90.7,44.8,0.047,14.2,15.3,1.0,65.9
16.2,0.474,15.0,0.483,111.1,17.3,23.5,1.1,21.0,28.8,104.8,0.49,85.6,87.1,39.9,0.053,14.6,13.5,1.5,61.9
14.4,0.474,11.7,0.486,106.3,14.5,23.3,1.4,22.5,27.9,110.1,0.49,97.1,89.7,44.0,0.071,16.0,14.2,2.3,67.4
14.1,0.491,13.5,0.499,107.4,16.5,24.7,1.7,25.4,32.9,111.8,0.476,91.0,89.5,45.6,0.051,14.5,15.3,1.4,68.4
13.7,0.521,14.1,0.541,109.4,15.9,21.0,1.3,22.5,28.0,115.4,0.482,84.2,88.5,41.1,0.102,12.5,11.3,3.3,68.5
15.8,0.49,14.1,0.499,112.8,17.3,22.6,1.9,21.6,29.4,108.2,0.502,92.2,93.6,42.9,0.055,14.0,14.4,1.6,64.4
14.3,0.505,13.9,0.515,107.3,16.1,18.8,1.6,23.9,30.2,113.1,0.476,86.3,91.1,43.5,0.068,13.0,13.1,1.7,67.9
13.8,0.476,13.9,0.491,108.1,16.8,27.3,1.6,22.3,29.8,110.2,0.485,90.8,82.9,44.2,0.086,15.9,16.0,2.7,67.2
14.6,0.475,13.2,0.485,107.7,15.3,18.3,2.0,24.1,30.6,112.2,0.47,87.7,90.1,46.8,0.073,13.0,16.4,1.9,67.5
14.0,0.493,14.2,0.497,105.3,16.4,21.4,1.4,24.1,31.9,110.5,0.467,85.6,87.0,44.7,0.029,14.0,14.4,0.7,68.5
15.4,0.471,13.9,0.476,105.7,16.7,22.0,1.3,23.6,30.3,107.1,0.465,89.7,90.5,46.0,0.04,14.2,15.1,0.8,66.7
15.6,0.491,15.4,0.5,103.1,18.1,23.2,1.8,22.0,29.3,106.8,0.449,86.5,88.8,44.1,0.057,14.9,13.0,1.6,66.7
13.5,0.486,14.6,0.494,111.4,17.2,23.4,1.6,20.5,26.8,107.0,0.498,89.0,88.4,42.6,0.049,13.4,13.6,1.4,68.3
14.1,0.471,14.8,0.481,112.1,17.8,21.6,1.5,21.9,28.3,106.5,0.498,89.5,91.0,45.0,0.061,12.3,15.0,1.8,68.1
14.1,0.485,13.0,0.491,107.6,14.9,23.5,1.7,22.8,29.8,111.3,0.471,86.6,84.0,44.0,0.04,14.2,15.0,1.0,67.3
14.7,0.468,14.3,0.474,112.9,17.0,25.0,1.9,21.4,26.9,104.7,0.501,90.3,88.3,41.4,0.042,14.4,13.9,1.1,65.1
14.3,0.475,13.6,0.485,107.6,15.5,22.3,1.6,22.3,28.8,108.2,0.473,86.3,86.1,42.1,0.058,14.2,13.6,1.6,66.6
13.5,0.474,15.2,0.485,110.3,17.5,20.0,1.7,25.5,33.3,108.8,0.496,82.7,86.1,43.0,0.069,13.8,14.9,1.9,67.5
15.0,0.468,14.4,0.47,107.2,16.9,20.4,1.6,23.3,30.2,106.5,0.478,87.4,88.2,43.0,0.019,14.4,15.0,0.4,65.2
14.1,0.465,15.5,0.477,106.4,18.5,26.5,1.4,21.3,28.1,105.9,0.477,88.2,81.8,42.4,0.078,17.0,15.7,2.2,65.5
12.5,0.49,13.6,0.494,105.5,15.4,20.4,1.3,20.5,27.1,109.0,0.47,85.5,85.0,44.3,0.035,13.5,14.3,0.7,70.6
14.1,0.48,14.1,0.492,107.4,16.1,22.7,1.4,18.9,24.2,106.6,0.472,87.2,86.1,43.1,0.068,13.5,13.1,2.0,67.9
14.1,0.49,15.5,0.5,106.0,17.5,19.6,1.5,22.1,29.7,106.8,0.476,82.4,86.6,40.3,0.05,15.2,12.4,1.5,66.4
12.6,0.468,16.0,0.478,109.6,18.3,23.1,1.6,20.5,28.1,101.4,0.497,83.6,84.4,40.7,0.066,15.2,13.1,1.7,68.6
15.1,0.443,15.7,0.449,107.6,18.7,21.9,1.5,20.0,28.1,97.4,0.477,87.7,89.8,43.2,0.044,14.8,14.5,1.0,65.4
15.3,0.498,12.8,0.509,105.7,15.6,21.2,2.2,25.0,31.6,113.1,0.464,92.0,94.3,45.3,0.064,13.5,13.4,2.0,67.7
13.9,0.468,11.8,0.482,107.1,14.9,24.1,1.9,22.2,28.2,108.6,0.495,99.3,91.3,45.4,0.083,15.6,14.7,2.8,68.9
14.8,0.486,15.4,0.512,107.5,19.2,22.4,1.9,21.7,28.9,111.1,0.494,92.8,89.7,43.7,0.151,16.7,16.1,4.7,65.1
17.5,0.468,14.2,0.48,107.7,18.1,23.4,3.4,23.2,29.1,107.4,0.462,97.3,97.6,47.4,0.079,14.6,16.1,2.4,64.1
14.4,0.502,14.0,0.518,106.7,16.4,18.8,2.4,24.5,30.6,113.8,0.47,87.1,92.0,45.2,0.093,13.0,13.3,2.8,68.9
14.0,0.474,13.9,0.488,108.0,17.5,23.6,2.4,21.8,29.5,109.4,0.488,95.1,89.3,45.9,0.083,15.7,16.9,2.6,67.4
14.5,0.477,14.1,0.496,108.6,17.1,23.4,2.1,21.6,29.0,111.5,0.486,91.2,86.2,44.3,0.104,16.0,17.0,3.6,65.3
14.0,0.486,12.8,0.5,111.5,14.8,19.1,2.1,24.0,30.5,113.0,0.501,87.8,89.0,42.7,0.09,13.4,13.9,2.5,67.2
15.4,0.472,13.5,0.48,107.2,16.0,22.3,1.8,26.4,33.0,112.2,0.472,88.2,86.9,45.0,0.055,15.4,16.7,1.3,64.7
12.8,0.493,14.0,0.498,109.6,16.3,21.7,1.6,22.4,28.6,110.8,0.484,87.1,87.6,44.2,0.043,12.7,14.4,1.0,70.0
13.3,0.474,13.7,0.487,106.4,15.9,22.4,2.4,23.8,29.0,110.1,0.478,87.4,84.2,41.5,0.079,16.1,13.8,2.2,67.5
14.8,0.502,14.2,0.514,102.9,16.1,16.6,2.1,22.2,29.7,110.6,0.461,84.2,89.6,42.8,0.069,15.0,12.6,2.1,67.1
14.0,0.474,15.9,0.486,104.8,19.1,22.0,2.3,23.3,30.8,105.7,0.468,87.8,88.9,45.9,0.073,14.9,14.8,2.0,69.0
13.8,0.464,13.0,0.467,108.5,15.7,23.5,1.9,21.8,28.3,106.4,0.482,92.6,88.2,44.0,0.032,14.2,15.3,0.6,67.5
15.7,0.487,16.3,0.502,111.0,18.9,24.8,2.0,21.9,27.7,106.8,0.467,84.7,90.2,43.4,0.089,12.4,13.0,2.5,66.0
13.8,0.494,14.4,0.502,104.7,16.3,22.3,1.9,22.3,29.0,110.8,0.447,83.9,85.6,45.1,0.058,13.2,14.1,1.5,69.2
13.1,0.495,14.4,0.507,107.7,16.2,20.6,2.4,20.2,25.7,109.1,0.474,85.0,86.6,42.3,0.076,13.5,12.4,2.1,69.5
16.4,0.475,16.5,0.478,110.2,20.3,22.4,2.4,19.6,27.1,100.8,0.484,90.6,94.4,43.2,0.032,14.1,14.1,0.7,64.0
14.3,0.457,14.2,0.478,110.0,16.7,21.3,2.2,19.8,25.7,104.5,0.484,89.6,90.5,43.8,0.112,13.2,13.9,3.7,67.7
15.3,0.468,16.8,0.472,107.9,20.9,25.7,2.1,20.1,28.9,100.9,0.488,90.4,87.2,42.4,0.04,17.2,15.8,0.8,63.5
14.9,0.482,16.4,0.491,101.5,18.7,21.5,2.3,25.7,33.4,106.6,0.434,80.4,87.4,44.6,0.058,13.9,12.8,1.4,68.1
14.5,0.461,13.7,0.47,112.1,16.1,24.9,1.4,19.3,25.1,103.7,0.5,90.6,86.7,40.7,0.058,14.7,13.9,1.6,64.9
12.6,0.461,15.0,0.474,109.3,17.7,21.3,1.9,20.2,27.6,103.0,0.497,88.1,87.3,44.2,0.079,14.4,14.7,2.3,70.1
15.0,0.469,13.5,0.484,108.6,15.0,19.2,2.0,21.8,27.6,107.4,0.469,84.4,89.1,42.0,0.098,12.5,12.8,2.6,66.1
14.5,0.453,17.7,0.459,109.0,21.1,24.6,1.8,18.0,25.6,97.8,0.488,86.8,84.5,42.9,0.042,16.0,16.0,1.2,65.0
18.2,0.484,14.3,0.501,112.6,17.3,24.4,3.2,28.2,34.9,109.6,0.478,87.9,96.2,40.2,0.104,13.6,11.2,3.0,61.5
14.7,0.496,13.3,0.509,106.2,15.5,19.3,2.4,26.3,33.1,113.1,0.465,87.1,92.5,45.2,0.076,12.8,12.8,2.1,68.8
12.5,0.464,11.2,0.478,106.7,13.9,23.6,2.0,21.2,26.8,108.0,0.489,97.7,89.4,45.1,0.084,15.2,14.3,2.8,71.3
12.9,0.473,13.4,0.486,104.4,16.5,23.4,2.8,24.8,33.3,110.5,0.464,92.0,88.1,47.6,0.075,15.2,16.5,2.3,70.8
14.3,0.459,13.9,0.467,114.3,17.2,23.1,2.4,25.1,33.2,105.8,0.498,91.8,94.6,46.0,0.052,12.1,15.9,1.4,67.8
13.8,0.49,13.2,0.512,107.0,15.0,19.3,2.1,23.2,29.5,114.0,0.467,85.5,88.4,43.4,0.12,12.8,13.4,3.8,68.5
13.6,0.489,12.9,0.502,108.4,14.7,19.3,2.6,24.1,30.6,113.5,0.48,85.7,86.8,42.9,0.077,13.3,13.5,2.3,68.4
12.8,0.498,13.4,0.506,107.9,15.3,20.1,2.1,21.8,26.3,112.0,0.466,87.2,90.0,46.0,0.057,10.8,13.0,1.3,72.1
13.0,0.498,13.4,0.516,109.0,15.2,21.8,2.5,20.3,26.1,112.3,0.493,86.5,83.2,40.9,0.094,15.2,13.1,3.0,68.1
14.3,0.497,14.6,0.518,111.4,16.4,22.0,2.1,23.2,28.5,111.5,0.482,83.0,88.1,40.6,0.113,12.6,11.5,3.6,67.1
14.0,0.487,13.5,0.496,111.9,15.5,21.5,2.2,23.7,31.0,113.0,0.496,85.6,84.6,42.2,0.059,14.0,15.5,1.5,65.5
15.2,0.484,14.8,0.501,108.0,17.2,19.5,2.1,21.6,28.6,109.4,0.471,86.5,90.6,44.1,0.1,13.3,14.5,2.9,66.0
14.6,0.475,12.4,0.477,109.7,14.6,22.5,1.7,19.5,25.5,107.5,0.474,92.5,90.3,44.5,0.026,12.4,14.6,0.5,67.2
12.3,0.479,14.0,0.494,109.8,16.3,24.3,2.2,19.6,26.4,110.9,0.486,88.3,81.8,43.6,0.09,14.3,16.1,2.8,69.1
13.4,0.505,15.5,0.522,105.4,17.2,22.7,2.1,22.9,30.3,110.3,0.455,80.4,84.7,42.1,0.096,13.4,11.6,2.8,69.5
14.3,0.48,15.5,0.491,103.4,18.5,20.4,2.0,19.9,27.6,104.8,0.464,88.4,89.3,47.0,0.068,14.7,14.8,1.9,69.2
13.7,0.484,14.7,0.488,104.2,17.1,20.3,2.8,23.0,30.9,107.7,0.461,85.3,86.5,44.4,0.032,15.0,14.2,0.7,68.7
14.1,0.473,13.9,0.488,108.1,16.0,24.3,2.2,21.0,27.7,107.3,0.479,87.1,83.8,40.9,0.094,15.8,13.5,2.5,66.0
12.7,0.478,13.4,0.49,103.5,15.0,21.8,2.3,20.9,27.5,109.9,0.447,85.1,83.0,44.4,0.078,13.7,14.5,2.2,70.3
14.0,0.484,16.3,0.488,107.4,18.9,21.2,2.3,22.1,30.0,104.0,0.476,83.6,87.9,41.7,0.034,14.3,12.9,0.7,67.3
13.8,0.461,13.5,0.485,107.2,15.2,17.6,1.9,20.0,26.8,106.9,0.479,85.1,87.0,42.8,0.122,14.0,13.8,4.2,67.7
13.9,0.475,13.6,0.487,107.2,15.0,19.8,2.1,21.2,27.6,107.2,0.469,83.3,85.5,42.2,0.071,13.4,12.7,1.9,67.9
14.0,0.468,13.5,0.484,110.0,15.1,22.3,2.0,18.5,24.0,104.8,0.473,86.0,87.3,40.4,0.092,12.5,11.6,2.6,67.3
13.7,0.461,15.9,0.467,108.9,19.0,25.0,1.9,17.0,24.7,99.3,0.488,89.6,85.5,43.4,0.041,15.2,15.1,1.1,67.3
13.0,0.455,13.2,0.47,109.9,15.0,22.7,1.6,18.1,24.0,102.0,0.497,87.6,84.4,38.7,0.085,14.7,11.7,2.5,67.5
14.0,0.426,13.9,0.435,108.6,16.6,23.2,1.7,21.4,28.7,100.7,0.485,90.4,85.6,45.0,0.068,14.9,16.6,1.7,67.0
12.8,0.446,13.3,0.451,108.2,14.6,22.7,1.6,19.5,26.1,103.6,0.482,83.9,77.9,39.6,0.043,15.5,14.6,0.9,66.2
15.1,0.44,11.9,0.457,114.7,16.2,29.0,2.4,21.0,27.6,105.2,0.512,108.1,97.1,49.4,0.119,14.1,18.5,3.7,67.1
15.8,0.485,13.7,0.504,110.3,16.6,25.9,2.7,26.4,33.7,111.9,0.482,89.6,89.6,41.7,0.109,15.2,13.6,3.3,64.1
13.2,0.485,13.4,0.509,104.3,16.0,22.2,2.9,23.3,31.0,112.8,0.456,89.9,88.7,45.9,0.123,14.4,14.7,4.2,70.4
14.6,0.496,13.5,0.506,106.1,15.9,20.8,2.2,25.2,32.7,112.6,0.462,87.8,91.5,45.5,0.06,13.1,13.8,1.7,68.5
14.7,0.493,14.4,0.511,112.1,16.5,22.6,2.3,24.5,30.2,111.7,0.49,85.3,89.0,41.4,0.107,13.1,12.4,3.0,66.4
14.5,0.512,14.0,0.52,106.7,16.1,20.0,2.3,20.1,24.4,112.6,0.452,88.0,92.2,46.2,0.048,11.7,13.3,1.3,69.3
13.0,0.51,12.8,0.521,105.2,14.4,19.0,2.3,19.6,25.7,114.6,0.475,86.9,84.0,42.6,0.06,15.3,14.0,1.9,68.8
13.2,0.464,12.9,0.482,110.1,15.0,19.4,2.6,24.8,31.0,110.9,0.494,88.1,88.0,44.6,0.116,13.7,15.1,3.3,69.1
13.7,0.488,15.2,0.494,103.3,17.6,20.3,2.7,23.0,30.0,107.8,0.448,85.2,88.9,46.2,0.043,13.2,13.8,1.0,70.3
15.1,0.467,14.5,0.489,103.9,17.1,19.6,2.2,19.9,26.8,107.4,0.456,88.9,89.2,46.1,0.136,14.7,15.5,3.9,66.9
13.5,0.492,14.8,0.501,108.5,17.1,22.8,2.5,19.6,26.1,109.7,0.488,86.8,82.2,41.4,0.06,16.0,14.9,1.7,66.3
13.5,0.48,14.3,0.499,107.2,16.1,21.4,2.3,21.9,27.3,109.7,0.486,84.7,82.6,39.5,0.108,16.4,13.2,3.1,66.1
13.8,0.484,13.2,0.5,105.0,14.7,15.6,2.2,22.0,27.6,112.1,0.462,84.3,88.6,42.9,0.108,12.8,13.1,2.8,68.3
13.4,0.455,14.3,0.473,109.9,17.0,22.9,2.7,22.2,29.8,105.9,0.478,88.5,88.2,44.7,0.104,12.8,15.0,3.3,68.9
14.1,0.475,13.4,0.489,108.1,15.0,16.9,2.4,22.8,28.9,107.9,0.476,84.5,90.6,42.4,0.089,12.5,12.0,2.4,68.3
13.4,0.492,14.6,0.503,105.1,15.9,19.7,2.5,23.8,30.1,108.6,0.459,79.7,85.5,40.7,0.07,13.7,10.6,1.8,69.2
13.6,0.464,14.7,0.471,106.5,17.5,23.2,2.4,19.5,27.7,103.0,0.467,89.2,87.2,45.7,0.059,13.7,15.2,1.4,69.2
13.6,0.485,15.1,0.498,107.3,16.8,17.9,2.2,20.2,26.2,107.1,0.476,83.2,87.3,42.5,0.082,13.4,12.8,2.3,68.5
15.7,0.444,14.4,0.455,107.4,17.4,23.5,1.7,20.2,27.4,102.9,0.468,91.0,87.9,45.7,0.079,14.9,17.1,2.0,64.6
14.0,0.467,13.9,0.477,110.4,15.7,23.0,1.9,21.0,27.0,105.0,0.493,85.8,84.3,39.4,0.059,15.0,12.5,1.6,65.7
14.3,0.459,16.0,0.469,108.1,18.9,24.4,2.1,20.1,28.1,102.0,0.478,87.1,85.0,43.1,0.065,15.3,15.0,1.7,66.2
13.4,0.475,14.1,0.487,108.7,15.6,17.9,2.0,20.3,26.5,106.1,0.486,83.6,86.8,40.7,0.07,13.3,12.3,2.0,68.0
15.0,0.466,14.3,0.47,108.1,16.6,21.5,2.0,18.0,24.7,103.0,0.466,88.6,88.8,43.5,0.039,13.1,14.3,0.7,66.0
12.2,0.465,13.1,0.474,104.6,14.4,20.4,1.9,20.6,27.0,108.2,0.453,83.8,82.2,44.6,0.064,12.8,14.7,1.6,71.0
13.6,0.471,13.3,0.485,110.3,14.5,20.7,2.2,18.4,24.2,105.5,0.482,84.0,84.7,40.8,0.087,12.6,12.0,2.4,67.9
13.3,0.449,11.5,0.456,110.9,13.0,20.5,2.1,18.7,25.4,106.7,0.49,88.7,82.7,41.3,0.052,13.8,15.5,1.3,65.9
14.2,0.453,14.1,0.468,109.1,15.5,24.9,1.9,18.8,25.7,102.0,0.47,83.1,81.5,39.6,0.085,14.3,12.5,2.6,65.6
16.1,0.507,13.6,0.524,109.9,16.5,23.5,3.1,23.7,31.8,113.6,0.482,90.6,91.5,42.8,0.103,14.9,13.9,3.1,64.2
15.1,0.494,14.7,0.518,109.9,17.1,24.1,2.6,22.8,28.8,111.7,0.468,86.3,89.2,44.5,0.133,12.8,13.2,4.1,67.4
14.9,0.492,13.1,0.508,106.2,15.1,20.4,2.2,22.7,29.2,112.1,0.459,88.0,91.2,44.5,0.083,13.0,13.3,2.8,67.7
13.4,0.473,13.6,0.495,104.2,16.2,21.9,3.0,22.7,30.0,111.4,0.454,89.7,87.2,46.9,0.128,14.3,15.8,4.0,69.9
13.2,0.508,11.8,0.518,104.5,13.3,18.6,2.7,19.4,26.0,115.5,0.46,87.4,85.0,44.0,0.063,14.1,14.3,1.7,69.3
15.3,0.477,13.0,0.485,110.9,15.5,20.3,2.5,20.0,26.4,107.1,0.496,92.3,91.4,43.1,0.049,14.1,14.2,1.4,65.4
15.1,0.488,11.8,0.506,108.2,13.1,15.8,2.4,22.2,27.5,113.9,0.47,85.7,90.7,42.6,0.101,12.3,12.7,3.1,66.5
14.0,0.492,13.7,0.504,105.6,15.4,18.7,2.9,23.9,30.4,112.2,0.459,83.7,87.5,44.4,0.067,13.0,13.4,1.9,68.9
14.4,0.492,12.7,0.5,107.0,14.2,19.5,2.5,18.9,23.4,110.8,0.456,87.8,88.9,44.9,0.05,11.9,13.4,1.3,68.7
13.7,0.474,14.0,0.489,108.8,16.1,22.5,2.5,21.6,27.6,110.7,0.475,86.9,83.7,43.2,0.091,14.2,15.6,2.5,66.8
14.1,0.467,13.0,0.481,108.9,15.3,18.7,3.1,18.5,25.3,107.3,0.48,91.2,89.5,46.2,0.09,13.2,15.7,2.6,68.3
14.8,0.458,14.1,0.473,108.7,17.0,21.6,2.0,17.9,24.5,107.0,0.477,92.4,87.5,47.6,0.088,14.1,18.4,2.7,66.3
13.8,0.461,14.6,0.479,110.9,16.8,20.5,2.6,22.4,28.4,106.7,0.493,86.1,87.3,43.3,0.106,13.9,14.5,3.1,67.6
14.3,0.46,14.2,0.486,110.6,16.5,20.0,2.7,19.5,25.7,108.8,0.498,88.0,84.3,42.3,0.139,15.3,15.8,4.5,65.0
16.0,0.466,14.3,0.482,109.9,16.6,21.1,2.5,19.7,26.4,103.9,0.479,87.7,90.5,41.6,0.094,13.9,12.9,2.9,64.2
13.5,0.476,13.9,0.485,104.1,16.0,19.4,3.0,20.1,27.4,107.5,0.452,86.5,86.6,46.1,0.057,13.5,15.0,1.4,69.8
14.0,0.473,13.6,0.483,104.7,15.5,20.8,2.7,19.5,27.1,105.8,0.459,86.3,85.3,43.0,0.071,14.9,13.8,1.8,67.5
14.6,0.461,13.3,0.471,108.4,15.3,20.6,2.6,18.5,23.9,103.9,0.478,89.0,87.5,41.6,0.074,14.0,13.0,1.8,66.2
15.0,0.475,15.0,0.499,108.0,16.8,18.6,2.4,18.2,24.6,106.2,0.463,84.1,89.2,42.8,0.139,12.5,13.1,4.0,66.4
14.3,0.471,13.8,0.488,109.7,15.1,16.8,2.3,21.4,27.6,108.3,0.483,82.5,87.1,41.1,0.101,13.0,12.9,2.8,66.4
12.4,0.477,13.7,0.491,104.2,15.1,20.3,2.2,18.3,25.0,108.3,0.458,84.7,82.0,44.8,0.089,14.0,14.5,2.5,71.1
13.5,0.453,14.6,0.467,110.5,16.9,22.3,2.6,20.6,27.7,103.5,0.486,86.6,85.9,42.7,0.086,13.5,14.3,2.4,67.8
16.0,0.458,12.4,0.467,112.4,14.1,21.2,2.1,16.8,22.6,105.0,0.485,89.5,86.8,40.7,0.054,13.0,14.2,1.5,62.3
15.0,0.456,12.0,0.465,108.9,13.3,16.2,2.1,21.3,27.8,107.7,0.48,85.1,86.5,40.9,0.064,13.8,14.1,1.5,64.0
13.5,0.442,14.9,0.451,108.6,17.6,23.7,2.3,18.6,25.2,100.7,0.48,90.0,85.0,45.1,0.057,14.7,16.5,1.5,68.0
13.6,0.465,13.5,0.477,105.3,14.8,17.3,2.6,19.1,25.7,107.5,0.453,83.7,85.0,44.3,0.077,12.5,14.8,2.0,68.5
14.1,0.439,13.1,0.458,111.1,14.7,22.2,2.2,18.3,24.4,103.0,0.47,86.6,86.0,44.3,0.112,11.5,14.6,3.3,67.8
13.6,0.493,14.2,0.521,106.7,16.6,18.3,3.0,23.3,31.0,113.3,0.479,86.5,89.1,44.5,0.154,13.9,13.9,4.9,69.2
16.5,0.487,13.8,0.499,109.7,16.2,18.9,2.9,22.3,29.0,109.5,0.472,87.9,93.9,43.9,0.074,12.6,13.4,2.1,65.0
14.3,0.482,14.9,0.502,110.2,17.7,22.9,3.3,21.6,30.1,109.2,0.482,88.0,87.8,43.9,0.118,14.0,14.9,3.6,67.0
12.5,0.458,12.6,0.476,105.2,14.8,20.6,3.4,23.2,31.1,108.3,0.468,89.5,86.9,45.5,0.115,14.8,15.0,3.4,71.0
13.1,0.486,13.5,0.502,104.9,15.5,21.3,3.3,21.0,27.5,112.3,0.469,87.1,81.8,42.4,0.085,16.4,14.9,2.7,67.7
13.9,0.463,14.1,0.481,109.6,16.6,25.0,2.6,22.7,29.8,106.5,0.487,88.6,85.7,41.7,0.108,15.1,13.9,3.2,66.7
14.5,0.48,13.5,0.498,110.1,15.3,23.9,2.6,22.4,29.3,111.9,0.469,85.6,84.8,44.8,0.112,12.7,14.9,3.1,67.4
13.6,0.497,12.5,0.518,106.0,13.7,16.3,2.8,20.7,25.8,112.7,0.466,84.0,88.2,41.8,0.108,13.1,11.3,3.5,69.1
13.2,0.466,14.0,0.493,110.2,16.3,19.3,3.4,20.1,27.1,109.3,0.496,88.7,86.3,44.3,0.148,14.6,15.7,4.7,68.5
14.4,0.484,13.9,0.493,107.1,16.3,22.6,3.4,19.0,26.5,107.4,0.47,89.4,86.0,43.2,0.067,15.1,14.4,1.6,66.7
13.7,0.489,13.8,0.498,107.4,15.5,21.3,3.3,23.3,30.4,109.6,0.467,83.3,85.0,42.7,0.061,13.9,12.7,1.6,68.7
14.2,0.486,15.5,0.509,107.1,17.4,20.5,3.0,22.2,30.4,108.5,0.456,81.8,88.5,44.0,0.133,11.9,12.7,3.9,68.8
13.2,0.49,13.6,0.507,106.8,15.0,19.3,3.3,21.9,28.6,109.6,0.458,82.5,87.5,42.2,0.102,12.3,11.2,2.9,70.1
12.7,0.482,12.0,0.499,106.1,13.5,19.3,3.0,17.5,23.8,112.9,0.474,87.9,80.8,43.6,0.093,15.4,15.7,3.0,68.7
14.1,0.46,14.5,0.47,106.3,17.2,23.2,2.7,21.8,28.8,104.6,0.461,88.8,88.0,46.7,0.062,13.9,15.4,1.7,68.9
15.3,0.456,14.4,0.479,110.4,16.6,17.3,3.4,21.7,27.5,104.6,0.486,86.3,92.0,42.2,0.133,13.3,12.6,4.0,65.9
14.1,0.473,13.7,0.486,108.9,15.4,18.6,3.0,21.2,28.1,107.6,0.483,85.3,86.8,41.4,0.09,14.3,13.5,2.3,66.4
14.2,0.486,14.5,0.515,105.2,15.8,17.5,3.0,19.3,25.5,109.6,0.457,82.2,86.9,42.9,0.159,13.4,12.0,4.7,68.5
13.3,0.487,12.9,0.495,107.8,14.3,21.3,2.6,18.1,23.3,108.7,0.463,86.5,85.1,42.8,0.054,12.9,13.1,1.3,69.0
12.6,0.456,13.9,0.481,108.9,15.7,22.7,3.2,23.3,30.2,107.7,0.476,83.5,82.8,42.9,0.137,14.2,13.8,4.1,69.8
13.4,0.462,14.4,0.473,105.2,16.5,20.3,2.5,21.1,27.5,106.5,0.465,86.4,84.7,46.3,0.069,14.1,15.7,1.9,69.5
15.5,0.472,14.8,0.495,110.1,16.6,22.2,3.3,18.8,25.4,106.2,0.483,84.4,83.5,38.6,0.135,15.7,12.8,3.8,62.5
13.8,0.467,14.2,0.48,110.8,16.1,19.2,2.9,19.2,25.7,103.6,0.493,86.2,88.0,40.8,0.082,13.6,12.6,2.1,67.1
12.6,0.465,14.1,0.479,99.7,15.8,23.8,2.8,20.9,28.2,106.1,0.426,84.1,80.7,46.5,0.088,14.9,14.0,2.4,72.1
13.4,0.453,12.5,0.473,108.9,14.0,17.8,3.2,17.4,23.9,107.4,0.481,87.9,84.2,44.0,0.126,13.5,15.8,3.6,67.8
13.0,0.435,15.1,0.455,114.7,17.8,28.7,2.9,18.7,26.5,99.5,0.501,88.7,82.7,42.7,0.115,13.5,15.0,3.5,68.1
13.7,0.466,15.9,0.479,111.8,17.3,22.3,2.5,21.9,27.4,103.6,0.488,79.6,83.1,38.3,0.087,13.5,11.5,2.0,66.3
13.2,0.484,13.9,0.509,106.8,15.9,17.5,3.5,20.4,28.1,111.7,0.474,86.3,87.0,44.8,0.147,13.5,14.9,4.2,69.3
16.1,0.492,14.9,0.512,106.5,17.5,18.8,3.7,18.6,28.1,108.3,0.468,87.1,89.4,43.6,0.12,14.7,14.4,3.5,64.4
12.4,0.454,12.5,0.472,105.5,14.8,20.3,3.6,21.7,29.2,108.1,0.469,90.6,86.1,45.9,0.104,14.8,15.9,3.3,70.8
14.8,0.476,13.6,0.5,108.6,15.4,18.4,3.9,19.9,26.0,108.4,0.471,86.6,89.7,42.6,0.129,13.2,12.4,4.1,67.0
13.2,0.484,13.7,0.501,101.5,15.4,21.5,4.0,21.6,29.0,111.1,0.453,84.2,78.8,41.2,0.105,18.2,14.0,3.0,67.3
14.6,0.485,14.4,0.514,106.7,16.2,18.6,3.6,19.4,28.6,110.8,0.458,83.9,86.9,43.1,0.165,13.3,14.4,4.8,66.3
13.1,0.464,14.3,0.488,106.7,16.0,23.0,3.6,21.3,27.1,109.5,0.457,84.1,81.0,44.4,0.145,14.5,15.1,4.1,69.1
13.9,0.445,12.7,0.461,104.9,14.6,18.5,2.9,23.2,30.4,107.2,0.458,86.8,86.9,47.0,0.096,13.5,15.9,2.7,69.1
16.4,0.467,15.4,0.484,108.6,18.0,19.3,3.8,18.4,26.0,102.9,0.473,87.4,90.5,43.0,0.116,14.0,13.7,3.1,64.1
13.4,0.477,13.3,0.49,104.1,14.5,21.6,3.5,21.5,29.0,108.6,0.448,82.1,81.0,42.0,0.083,14.6,12.9,2.2,68.4
14.1,0.461,13.6,0.48,101.7,15.3,15.7,3.4,19.0,25.2,107.2,0.455,85.8,84.8,44.8,0.118,16.0,15.2,3.3,67.7
12.9,0.465,12.8,0.487,105.1,13.9,17.6,3.1,21.2,27.5,109.4,0.464,82.1,82.2,42.0,0.121,14.5,13.3,3.6,69.0
14.5,0.452,14.2,0.471,109.2,16.3,21.5,3.4,20.4,28.0,103.3,0.479,85.7,85.6,42.3,0.104,14.2,13.7,3.1,66.4
13.9,0.475,15.0,0.507,101.4,16.3,16.8,3.1,17.9,24.1,105.9,0.44,82.1,87.4,43.2,0.191,13.3,11.3,5.2,69.7
13.8,0.486,16.0,0.5,104.2,17.6,21.6,3.3,21.5,29.1,107.8,0.45,79.5,80.7,43.2,0.077,14.9,13.8,2.2,68.0
13.8,0.472,13.5,0.482,108.7,15.1,20.4,2.8,17.8,24.4,104.2,0.477,86.1,85.8,41.7,0.068,13.7,12.6,1.7,67.8
15.7,0.45,12.8,0.466,109.3,14.6,20.5,2.8,17.2,24.0,104.8,0.476,89.2,85.5,42.2,0.11,14.3,15.4,2.9,63.2
13.6,0.468,15.3,0.484,112.2,17.1,17.6,3.1,19.7,26.4,104.5,0.508,83.2,85.7,39.8,0.109,14.0,13.1,2.7,66.2
13.6,0.465,15.3,0.478,102.3,17.3,21.5,2.5,21.2,29.5,103.9,0.438,82.7,85.4,44.7,0.088,13.4,13.5,2.1,69.6
13.3,0.475,13.6,0.494,104.6,14.6,16.5,3.5,19.5,26.2,110.4,0.446,81.6,83.9,46.2,0.107,11.7,14.5,3.0,70.5
12.4,0.46,15.1,0.483,98.2,16.6,20.5,3.1,19.1,25.6,105.7,0.431,82.1,78.7,45.3,0.135,16.0,14.3,3.9,71.4
14.7,0.455,15.0,0.478,109.7,16.7,15.8,3.2,18.4,25.8,101.7,0.484,83.2,89.5,41.5,0.138,12.8,12.3,3.9,66.6
12.0,0.476,14.6,0.493,102.7,15.9,17.9,3.1,16.0,22.7,106.1,0.463,83.1,79.8,43.1,0.097,15.3,13.9,2.8,70.8
13.2,0.447,14.7,0.471,109.3,16.4,20.5,3.5,18.7,26.6,102.5,0.491,83.0,80.8,40.0,0.15,15.7,13.7,4.0,66.5
14.5,0.452,13.7,0.477,110.9,15.1,22.0,3.3,15.3,20.9,102.7,0.473,85.6,83.9,40.8,0.148,12.8,12.5,4.4,66.1
13.4,0.457,16.4,0.471,109.2,18.0,21.7,2.8,21.7,28.1,101.9,0.472,79.7,83.8,40.6,0.085,12.8,12.1,2.2,68.0
13.4,0.432,15.0,0.449,109.6,17.0,22.5,3.0,17.7,23.7,100.4,0.494,86.2,79.4,41.7,0.109,15.8,15.5,2.9,66.1
13.9,0.502,14.0,0.539,107.8,15.8,19.0,5.7,20.1,30.1,115.1,0.457,84.1,86.5,44.0,0.205,13.3,14.0,6.4,68.4
12.7,0.482,12.7,0.524,110.4,14.2,19.4,6.4,21.7,28.7,114.5,0.477,85.0,84.9,41.8,0.227,14.0,12.5,7.1,69.8
13.0,0.491,14.1,0.527,106.3,15.8,22.5,6.3,23.7,31.3,114.8,0.453,82.2,80.9,41.5,0.194,16.1,13.0,6.0,68.7
12.4,0.484,13.8,0.516,105.4,15.2,18.2,5.2,22.4,30.3,111.7,0.454,81.5,85.0,45.0,0.173,13.0,12.5,5.3,72.3
11.2,0.512,14.8,0.535,105.7,15.7,22.4,6.7,23.6,30.3,114.3,0.453,77.3,76.6,40.1,0.126,15.5,10.7,3.7,72.5
14.6,0.468,15.9,0.508,112.2,18.3,19.1,6.0,20.6,29.2,106.7,0.488,83.8,88.2,42.3,0.233,13.9,13.4,6.7,66.5
15.6,0.463,13.4,0.5,109.4,15.2,19.3,5.6,18.6,25.3,109.1,0.468,86.4,86.0,42.0,0.21,14.8,13.7,6.4,64.4
14.2,0.48,15.0,0.529,107.4,16.1,17.2,6.2,18.6,24.9,109.7,0.453,80.2,86.1,40.5,0.267,13.9,10.7,7.9,67.7
12.8,0.44,13.9,0.466,110.6,16.4,17.7,5.3,19.8,27.0,107.6,0.488,89.5,85.1,48.1,0.163,13.7,18.5,4.7,69.8
10.8,0.451,13.0,0.483,105.7,14.8,21.9,5.4,19.0,27.2,109.7,0.456,87.0,78.8,46.3,0.177,14.8,16.5,5.6,73.5
13.0,0.464,14.3,0.491,110.6,15.9,19.5,4.6,20.8,27.7,108.6,0.484,83.5,83.2,42.4,0.144,13.6,14.1,4.4,68.6
13.0,0.476,14.5,0.509,104.3,15.8,20.5,4.9,18.3,25.2,109.5,0.457,81.8,78.0,41.5,0.177,16.7,13.5,5.4,68.2
12.5,0.479,15.6,0.511,108.2,16.8,21.0,5.1,20.7,28.1,109.1,0.456,78.8,81.6,42.0,0.18,13.2,12.7,5.0,70.2
12.6,0.467,14.4,0.499,109.9,15.7,21.1,6.2,19.1,26.0,108.2,0.471,82.2,80.1,41.0,0.175,14.9,13.3,5.3,68.7
13.4,0.474,14.3,0.517,106.1,14.9,16.8,5.2,19.4,24.9,109.6,0.454,78.5,83.0,39.4,0.219,13.8,10.1,6.8,68.5
13.5,0.46,14.3,0.492,111.3,15.9,21.6,5.3,17.8,24.5,105.4,0.48,84.1,82.5,39.8,0.183,14.9,12.7,5.3,66.7
12.4,0.459,15.5,0.496,110.9,17.0,18.5,6.0,19.6,27.5,106.2,0.493,80.3,80.4,39.6,0.205,15.3,13.0,6.0,68.3
12.8,0.477,15.5,0.507,105.6,16.3,18.5,5.8,21.9,29.1,109.6,0.456,76.2,78.1,40.7,0.158,15.8,12.8,4.6,68.6
12.5,0.467,15.1,0.508,103.8,15.9,22.0,4.8,18.9,25.8,107.2,0.437,78.0,78.2,41.5,0.226,14.4,11.3,6.5,70.8
14.0,0.468,16.2,0.496,106.5,17.7,22.4,4.6,20.1,28.3,105.5,0.453,78.8,79.9,41.4,0.16,15.0,13.1,4.4,67.0
14.0,0.461,15.0,0.499,112.9,16.1,23.9,5.5,17.5,23.7,105.1,0.476,80.9,80.0,38.6,0.21,14.2,11.7,6.0,65.8
12.9,0.436,14.4,0.467,108.6,15.9,18.2,5.4,21.3,28.1,105.2,0.461,82.2,84.2,46.1,0.192,12.4,14.8,5.0,70.9
13.2,0.444,14.6,0.468,111.1,16.3,22.9,4.7,18.0,25.4,101.5,0.496,84.0,78.9,38.3,0.153,16.6,13.0,4.0,65.7
12.8,0.447,13.9,0.487,105.2,14.9,17.0,5.1,17.2,23.8,106.6,0.463,81.5,79.1,41.2,0.237,15.6,13.5,6.6,68.4
13.9,0.448,15.3,0.475,109.7,16.5,19.1,5.7,19.1,25.9,104.1,0.465,80.2,81.3,40.7,0.142,14.6,13.5,4.3,66.1
14.3,0.449,16.2,0.475,112.4,17.1,22.2,5.7,22.2,28.7,102.6,0.474,75.8,79.4,36.3,0.163,14.8,10.8,3.9,64.1
10.4,0.441,14.2,0.472,104.6,14.3,16.6,4.8,18.4,24.2,105.3,0.461,76.3,74.2,40.0,0.165,15.0,12.7,4.9,72.4
12.0,0.478,13.1,0.517,101.8,14.3,17.4,5.3,18.2,24.4,115.2,0.448,84.0,78.4,44.6,0.196,16.1,15.2,6.6,71.1
13.1,0.48,16.2,0.526,102.1,17.6,20.2,6.5,22.5,29.6,110.3,0.438,78.1,79.9,41.5,0.249,16.7,11.6,7.1,69.5
13.3,0.482,13.2,0.529,106.9,14.1,18.3,6.0,18.8,27.2,112.9,0.454,81.0,82.1,41.1,0.248,14.0,11.8,7.6,68.8
12.2,0.473,13.5,0.498,110.0,14.7,18.8,6.7,23.3,30.1,110.3,0.471,81.4,83.4,42.8,0.147,13.3,12.3,4.0,71.4
12.7,0.456,14.1,0.494,109.9,15.9,21.5,5.1,19.9,27.9,106.4,0.481,84.7,83.6,42.4,0.209,14.3,12.8,6.6,70.0
13.5,0.477,13.6,0.516,103.5,14.6,18.1,5.4,20.3,27.6,110.2,0.439,80.5,83.7,43.0,0.2,13.9,11.4,6.3,70.0
14.0,0.48,13.3,0.515,106.6,14.2,17.0,5.4,18.6,25.0,111.4,0.458,81.8,83.0,40.2,0.203,14.9,12.1,5.8,66.8
11.6,0.47,14.1,0.514,111.8,15.1,17.6,6.5,19.9,25.8,111.2,0.489,80.7,81.1,39.5,0.23,13.9,12.0,7.1,70.3
13.5,0.484,15.0,0.521,107.6,16.2,22.2,4.6,18.4,25.3,108.7,0.46,80.7,81.1,39.7,0.183,15.0,11.3,6.0,67.8
11.4,0.488,14.1,0.517,106.1,14.8,22.2,6.7,21.6,28.1,113.3,0.445,78.3,75.3,41.0,0.158,15.1,12.1,4.6,71.7
13.7,0.464,14.1,0.512,107.4,15.2,17.4,5.9,19.6,25.7,109.3,0.46,81.0,84.3,41.1,0.265,13.6,11.2,7.8,68.6
13.3,0.42,13.3,0.47,111.2,15.5,18.7,5.7,17.4,24.1,106.1,0.492,90.6,84.4,46.2,0.274,14.7,17.2,9.0,68.6
13.6,0.456,14.8,0.489,109.9,16.4,19.1,5.8,21.6,28.5,108.4,0.475,81.7,82.4,42.2,0.179,15.2,14.3,5.5,67.2
12.9,0.457,16.0,0.493,109.1,17.6,23.8,5.6,21.5,29.4,106.2,0.462,79.2,78.8,42.2,0.184,15.1,13.6,5.6,69.0
12.6,0.472,15.3,0.511,110.3,16.5,22.2,5.4,17.0,24.2,106.5,0.478,80.7,78.9,38.6,0.208,15.2,11.9,6.2,67.9
12.2,0.48,15.5,0.509,107.2,16.3,20.8,6.0,22.2,29.5,110.8,0.452,75.7,76.7,39.9,0.157,14.7,12.3,4.4,69.3
11.4,0.458,15.2,0.494,103.5,16.8,19.2,5.8,18.7,28.3,106.0,0.442,81.6,81.4,45.6,0.203,13.5,14.1,5.9,73.4
12.9,0.448,14.0,0.49,108.0,15.0,17.0,5.8,18.6,24.5,109.4,0.474,81.3,78.3,40.6,0.239,16.3,14.4,6.9,67.1
12.6,0.459,16.0,0.48,109.8,17.4,21.5,6.5,21.9,28.2,104.1,0.469,79.0,80.3,39.7,0.132,15.0,12.0,3.4,68.7
11.4,0.451,14.2,0.481,108.1,15.4,19.5,5.5,19.7,26.5,105.2,0.459,81.2,82.2,43.2,0.172,12.8,12.9,4.8,72.7
13.4,0.467,17.2,0.499,111.8,18.8,21.9,6.3,17.2,23.8,103.8,0.475,80.5,80.8,40.0,0.177,14.7,13.1,5.0,66.8
12.1,0.471,14.9,0.509,103.5,15.5,19.8,5.4,18.0,23.8,106.0,0.442,77.8,78.9,40.0,0.201,14.8,10.1,5.9,71.1
12.0,0.457,16.0,0.501,103.8,17.0,22.9,5.4,18.9,26.7,105.3,0.434,77.4,76.9,42.6,0.23,14.8,12.2,6.7,71.8
12.2,0.467,15.0,0.495,111.5,15.8,19.4,6.3,17.2,23.3,105.6,0.48,79.1,78.3,38.3,0.163,14.1,11.9,4.4,68.4
11.8,0.459,14.6,0.504,105.1,14.8,17.8,6.2,20.2,26.9,107.9,0.443,74.7,77.7,40.5,0.221,13.7,10.8,6.6,71.7
14.2,0.436,16.0,0.474,113.0,17.2,18.0,6.4,20.3,27.6,102.2,0.483,78.3,82.9,38.9,0.224,14.4,12.6,6.0,65.0
12.5,0.427,15.1,0.445,106.5,16.8,18.0,6.6,20.4,27.4,101.9,0.454,82.3,80.8,47.0,0.111,14.5,16.5,3.0,70.9
10.7,0.46,13.7,0.51,106.7,13.1,17.1,6.3,16.5,21.6,109.9,0.462,73.1,70.6,35.6,0.264,16.3,10.6,7.3,70.2
13.4,0.428,15.5,0.456,108.5,16.4,19.0,5.6,17.6,24.4,97.6,0.475,79.1,79.1,38.1,0.174,16.1,11.7,4.5,66.3
11.7,0.504,14.7,0.53,104.0,15.4,21.9,6.4,22.7,29.5,113.6,0.438,75.8,75.5,40.2,0.145,15.5,10.8,4.1,71.6
13.3,0.473,12.5,0.511,102.4,13.5,15.9,5.7,16.8,22.5,114.4,0.436,84.4,81.1,45.1,0.203,14.8,15.1,6.4,69.3
12.8,0.469,13.4,0.508,108.6,14.4,17.9,6.6,19.7,25.9,109.3,0.467,81.8,83.1,40.1,0.213,14.4,11.2,6.4,69.4
12.4,0.467,14.2,0.51,102.7,15.0,18.5,7.5,21.0,28.0,111.2,0.441,78.2,76.3,40.0,0.247,17.7,12.3,6.8,69.1
12.3,0.44,14.5,0.474,111.4,16.4,19.8,6.0,20.1,26.8,103.9,0.503,85.0,81.7,40.0,0.191,15.8,13.4,5.7,68.5
12.5,0.468,15.6,0.52,104.0,16.6,15.9,6.3,18.3,24.3,108.8,0.443,79.1,83.5,42.6,0.284,13.3,11.3,8.2,71.4
14.5,0.438,15.3,0.47,111.4,17.5,19.1,6.8,21.7,29.9,104.6,0.47,83.5,85.9,44.2,0.198,13.8,15.5,5.3,66.5
13.5,0.454,13.7,0.496,103.7,14.9,18.6,5.8,19.7,28.4,108.3,0.441,81.0,80.7,42.8,0.226,15.1,13.3,6.7,68.5
13.3,0.456,15.8,0.493,112.2,17.2,19.2,7.1,20.7,26.6,107.2,0.475,80.1,82.1,40.8,0.208,14.4,13.2,5.9,67.5
12.5,0.48,14.6,0.505,104.9,15.7,18.3,6.0,17.1,24.1,106.6,0.454,81.4,80.9,41.8,0.15,15.3,12.3,4.0,70.3
11.6,0.464,15.4,0.503,103.3,16.5,21.0,5.6,19.7,27.6,107.9,0.436,78.8,78.3,43.3,0.217,14.3,12.9,6.1,72.4
13.1,0.471,14.3,0.518,108.9,14.7,16.5,5.9,18.8,24.2,110.9,0.46,77.3,81.1,39.1,0.218,13.3,11.1,7.2,68.1
13.2,0.439,15.2,0.486,111.2,16.6,17.8,5.9,18.5,24.3,104.5,0.467,81.5,86.1,42.0,0.256,11.8,12.1,7.8,69.3
12.8,0.446,14.7,0.482,107.6,16.0,21.1,5.9,18.5,25.3,105.1,0.462,81.7,78.6,40.7,0.2,15.5,13.3,5.8,68.1
13.0,0.422,13.9,0.456,109.7,15.7,19.9,6.3,18.3,24.8,104.7,0.464,86.5,81.5,46.2,0.193,14.1,17.2,5.9,69.0
13.0,0.454,15.0,0.485,108.7,16.2,21.0,5.4,18.2,25.2,105.0,0.462,80.6,79.5,41.5,0.16,14.3,13.4,5.0,68.5
13.0,0.456,14.4,0.485,107.1,15.2,20.1,5.7,20.0,26.6,105.5,0.45,78.5,79.7,39.7,0.17,14.6,11.7,4.5,68.3
12.6,0.437,15.2,0.481,108.0,16.4,20.1,6.1,17.6,24.5,104.6,0.465,80.9,77.9,41.3,0.245,15.3,13.8,7.2,68.6
11.1,0.463,17.0,0.501,101.0,17.8,21.4,5.9,19.3,25.8,104.4,0.425,75.9,76.5,42.5,0.208,15.4,11.9,5.7,73.4
12.2,0.456,15.5,0.49,104.7,16.3,20.0,6.1,20.6,28.5,105.8,0.44,76.3,77.5,41.7,0.181,15.0,12.5,5.2,70.4
11.9,0.471,15.1,0.496,108.3,15.7,19.6,4.5,19.0,25.7,106.2,0.472,76.9,77.5,39.2,0.146,14.1,11.6,4.0,69.9
12.2,0.453,15.5,0.507,100.6,15.9,18.8,5.0,17.7,24.7,106.8,0.432,76.0,75.9,41.0,0.299,15.6,11.7,8.3,70.6
12.7,0.446,14.6,0.498,102.3,15.0,15.1,5.9,18.2,23.8,108.5,0.435,76.9,78.7,41.1,0.291,15.0,12.5,8.0,69.2
11.8,0.464,13.0,0.512,104.4,12.7,15.0,6.4,18.1,24.3,110.6,0.444,74.3,76.0,38.4,0.246,14.6,10.5,7.1,70.4
13.2,0.437,14.5,0.481,106.0,15.2,16.6,5.5,18.0,24.1,105.6,0.46,79.2,78.7,40.1,0.256,15.3,13.1,6.9,67.3
13.4,0.436,15.4,0.469,108.2,16.1,18.1,6.6,16.8,23.4,101.1,0.458,78.7,78.9,40.3,0.204,14.9,12.7,5.2,67.3
12.8,0.442,14.7,0.472,112.3,15.2,18.4,6.7,16.9,23.5,103.3,0.471,77.9,77.8,39.4,0.185,14.0,13.4,4.6,67.0
14.7,0.437,15.3,0.471,111.8,15.9,17.9,6.1,15.0,21.1,100.3,0.472,78.7,80.0,38.8,0.197,14.4,12.5,5.4,64.1
10.3,0.453,15.0,0.493,102.4,14.5,19.4,5.6,15.6,21.6,104.6,0.441,72.8,68.8,37.4,0.215,16.8,11.1,5.9,71.9
13.7,0.481,14.0,0.519,103.7,15.3,20.4,4.6,22.7,33.5,111.9,0.439,79.7,82.9,43.3,0.216,14.1,13.2,6.1,68.8
13.6,0.461,12.7,0.483,107.1,13.9,20.1,5.3,20.4,27.5,107.8,0.448,83.5,83.7,42.6,0.128,13.5,13.0,3.7,68.5
12.0,0.49,14.8,0.51,105.4,15.4,21.1,4.9,24.9,32.2,112.7,0.439,74.5,77.9,41.1,0.11,13.5,11.7,3.0,71.0
13.9,0.473,13.4,0.521,103.6,14.0,17.7,5.1,18.5,25.7,111.6,0.446,78.8,79.2,38.5,0.243,15.9,11.4,7.6,66.1
12.8,0.468,14.0,0.5,101.8,15.1,18.3,4.8,17.8,23.8,107.4,0.442,81.8,80.7,42.0,0.18,15.3,12.1,5.3,70.0
13.2,0.441,12.9,0.463,106.6,14.4,20.2,4.3,21.3,28.7,108.3,0.471,84.5,78.1,42.5,0.135,16.7,16.4,3.8,66.4
12.7,0.452,14.8,0.496,108.6,15.8,17.1,5.0,19.9,25.9,107.7,0.469,79.4,82.5,40.7,0.256,13.3,12.0,7.0,69.3
12.5,0.452,13.0,0.476,104.5,14.1,19.8,4.2,18.2,26.3,105.2,0.455,83.1,79.8,42.2,0.139,15.1,13.7,3.9,69.5
12.4,0.451,13.3,0.473,99.8,14.4,17.4,4.0,18.2,24.5,107.7,0.431,82.9,79.1,44.9,0.141,14.7,15.2,3.8,70.6
11.8,0.468,14.6,0.495,105.3,15.2,17.5,4.5,20.0,26.7,107.5,0.464,77.4,78.3,40.6,0.142,14.6,12.0,4.2,70.8
14.0,0.458,15.8,0.482,112.0,17.1,19.9,5.2,19.3,26.2,104.1,0.475,80.1,82.9,41.4,0.137,13.0,13.2,4.0,66.9
13.6,0.469,14.0,0.502,101.5,14.2,18.6,3.3,19.9,26.0,108.4,0.432,75.9,78.7,39.3,0.165,14.4,10.7,4.9,67.8
12.4,0.434,14.6,0.464,105.3,16.2,25.0,3.6,17.4,24.0,102.5,0.479,84.6,72.9,39.5,0.18,19.0,14.6,5.1,66.8
14.3,0.438,14.8,0.477,111.2,16.1,20.3,4.1,18.0,25.0,103.3,0.474,81.6,83.3,40.4,0.219,12.9,12.7,6.4,66.1
13.2,0.455,14.1,0.481,104.3,14.8,15.9,4.2,21.3,28.2,108.2,0.442,77.5,81.7,43.0,0.16,13.0,13.5,4.1,69.1
12.9,0.45,14.5,0.494,102.0,15.0,19.9,3.7,18.8,25.4,107.6,0.428,77.2,77.5,42.0,0.244,14.2,12.5,6.7,69.6
15.5,0.435,15.1,0.462,111.0,16.7,19.5,4.8,18.0,25.1,101.2,0.479,83.1,83.2,40.7,0.159,14.9,14.5,4.5,62.9
12.2,0.456,15.8,0.475,105.6,16.9,21.7,3.7,20.3,26.4,103.5,0.461,78.0,77.1,39.9,0.11,15.5,12.6,3.0,69.1
12.3,0.451,15.8,0.476,102.4,16.9,19.8,4.5,20.0,27.1,104.0,0.431,78.0,79.5,44.0,0.164,13.4,13.2,4.0,71.4
12.1,0.449,14.0,0.472,103.5,14.6,18.9,4.4,20.8,27.9,105.3,0.445,77.7,77.8,41.2,0.147,14.8,12.7,3.6,70.2
13.6,0.443,15.4,0.462,105.4,16.5,20.1,4.7,21.1,28.7,102.8,0.451,78.2,78.5,41.7,0.126,15.1,13.7,3.0,67.3
14.1,0.442,14.3,0.464,106.9,15.5,19.0,4.2,17.6,25.6,100.8,0.457,81.5,82.6,41.4,0.121,14.0,13.3,3.5,66.6
12.4,0.468,15.6,0.493,99.4,16.1,17.7,4.1,18.2,26.4,103.8,0.411,75.5,81.2,44.2,0.139,12.2,12.0,3.7,72.2
11.6,0.454,16.5,0.478,99.1,17.3,20.0,4.2,20.2,26.7,102.1,0.433,75.7,75.8,40.1,0.129,16.8,11.6,3.6,71.1
10.4,0.447,14.7,0.476,100.3,15.2,21.1,4.0,17.1,22.1,103.0,0.428,78.2,74.8,41.6,0.178,14.7,11.9,4.7,74.0
14.9,0.427,13.6,0.458,107.2,14.4,16.3,4.7,16.0,21.2,100.5,0.46,82.4,83.2,40.1,0.175,14.0,12.3,5.1,65.1
13.3,0.429,14.5,0.452,103.8,15.3,15.9,3.8,18.9,26.1,102.6,0.454,78.7,78.8,41.2,0.141,14.8,14.4,3.6,66.9
13.4,0.417,15.1,0.44,112.1,16.0,22.2,5.1,20.2,26.2,99.0,0.473,78.2,77.7,39.0,0.139,14.3,12.7,3.5,66.3
13.8,0.413,15.1,0.427,105.7,16.7,20.3,4.1,16.6,23.3,95.8,0.444,83.9,82.2,45.9,0.101,13.0,15.7,2.3,68.6
15.0,0.445,14.7,0.479,103.1,16.8,15.9,4.4,17.7,25.9,102.7,0.446,86.1,90.0,45.6,0.219,13.7,14.1,5.8,67.7
12.6,0.468,14.1,0.498,104.3,15.1,21.3,4.3,20.5,30.1,107.6,0.441,78.7,79.8,42.0,0.174,13.3,12.4,4.8,70.2
12.3,0.449,13.0,0.481,103.3,13.6,17.0,5.4,18.5,24.3,105.8,0.45,80.1,78.7,40.3,0.175,15.4,12.0,5.2,69.8
13.0,0.442,14.3,0.481,106.2,15.3,17.1,5.3,18.4,27.1,105.0,0.457,79.5,80.5,42.0,0.226,14.1,13.5,6.2,68.6
12.3,0.442,14.5,0.473,97.7,15.4,18.3,4.4,20.0,27.0,104.8,0.417,79.1,78.8,44.3,0.171,14.9,12.9,4.9,71.8
12.5,0.448,12.8,0.486,104.4,13.0,18.6,4.1,19.5,24.6,108.7,0.434,77.3,78.7,40.5,0.207,12.7,11.5,5.9,69.9
13.3,0.462,15.8,0.506,102.9,16.2,15.6,4.6,17.3,23.7,105.4,0.434,76.0,82.7,41.5,0.241,12.4,10.7,6.7,69.9
12.4,0.421,13.9,0.459,110.4,14.8,19.9,4.7,20.2,26.5,103.1,0.469,79.8,80.3,40.8,0.231,13.2,12.9,6.0,69.2
12.7,0.465,16.0,0.485,98.4,16.3,18.7,4.3,23.2,30.2,105.8,0.413,72.4,77.3,41.3,0.107,14.4,11.1,2.8,70.4
12.8,0.436,14.8,0.469,102.4,16.1,22.4,3.5,14.9,21.5,100.4,0.443,83.3,77.9,42.8,0.182,15.6,13.6,5.5,69.4
13.1,0.449,15.5,0.485,102.4,15.9,19.2,4.2,20.7,27.7,102.3,0.434,74.4,80.1,39.5,0.198,14.3,9.6,5.4,69.5
11.8,0.425,11.7,0.439,101.5,12.8,21.1,4.3,17.0,22.9,101.9,0.439,86.5,76.5,42.9,0.095,15.8,15.1,2.4,70.2
13.9,0.456,14.6,0.479,95.0,15.2,16.1,3.4,19.8,28.3,104.0,0.402,76.2,81.2,44.0,0.137,13.8,12.3,3.4,69.5
13.1,0.459,14.3,0.489,103.0,14.4,20.6,5.4,16.9,23.1,104.9,0.427,76.4,74.9,38.8,0.162,16.0,11.4,4.6,67.6
13.2,0.434,13.2,0.459,104.9,13.8,17.1,4.3,17.6,24.2,102.3,0.45,80.7,80.7,42.5,0.148,13.3,12.9,4.0,69.1
12.5,0.406,13.7,0.434,103.6,15.0,18.9,4.5,19.2,25.0,99.5,0.453,83.2,79.4,43.0,0.163,15.2,14.3,4.5,69.7
12.3,0.445,14.1,0.468,103.7,14.7,20.9,4.4,16.9,24.0,101.2,0.446,79.4,76.5,40.0,0.146,15.1,11.9,3.6,69.5
12.3,0.421,15.0,0.45,103.9,16.0,19.9,5.1,20.2,26.6,102.0,0.439,78.8,77.1,43.2,0.168,14.8,14.2,4.5,70.2
12.8,0.427,14.9,0.454,109.7,15.9,21.6,4.4,17.7,24.5,100.0,0.474,80.1,77.2,39.2,0.167,14.8,13.3,4.3,66.9
11.0,0.447,15.6,0.48,100.3,15.8,18.8,4.7,19.0,25.7,104.2,0.436,74.3,72.8,40.3,0.183,15.4,12.1,5.0,72.0
12.4,0.426,15.3,0.439,97.6,16.4,18.8,4.8,21.5,29.7,99.9,0.423,77.7,75.7,43.1,0.096,17.1,14.6,2.0,69.8
11.9,0.428,15.4,0.456,97.4,16.4,13.9,4.6,17.5,25.0,100.3,0.443,78.9,77.1,42.7,0.171,16.7,13.8,4.5,70.8
12.4,0.453,15.3,0.494,98.9,14.9,17.2,4.2,18.6,25.2,104.7,0.411,71.3,76.1,40.3,0.226,13.6,10.1,5.8,71.0
13.5,0.428,16.0,0.447,107.9,17.0,20.4,4.6,20.2,28.2,98.4,0.463,76.8,78.3,40.2,0.118,14.7,13.0,3.0,66.9
13.1,0.415,14.1,0.434,101.1,15.4,22.3,3.9,15.9,23.5,98.4,0.42,83.5,77.0,47.5,0.135,14.0,16.3,3.2,70.4
12.3,0.435,15.9,0.463,97.5,16.1,19.6,4.7,17.8,24.4,98.6,0.403,74.1,75.8,41.2,0.159,14.9,11.0,4.2,71.0
11.8,0.439,15.9,0.464,101.6,15.7,19.6,4.7,20.3,27.1,99.6,0.436,71.2,73.3,35.8,0.15,16.2,9.4,3.6,69.0
11.6,0.409,14.5,0.436,97.1,14.9,15.7,3.8,20.8,28.4,100.5,0.413,75.2,77.5,43.5,0.171,13.4,13.5,3.9,72.1
11.0,0.401,15.1,0.424,103.0,15.5,18.3,4.2,16.8,23.7,92.4,0.455,76.7,75.7,39.3,0.159,15.3,11.5,3.5,71.7
13.9,0.45,13.9,0.486,102.1,16.2,17.5,4.8,18.5,24.6,105.0,0.452,88.9,88.3,45.0,0.227,15.1,12.9,6.5,69.7
11.9,0.459,14.3,0.492,105.8,15.7,20.4,5.6,23.9,30.6,107.3,0.465,80.9,81.8,41.2,0.184,15.4,11.2,5.4,71.6
15.3,0.453,12.6,0.49,107.2,13.7,18.1,5.2,17.2,21.4,106.6,0.457,85.9,86.0,41.2,0.188,14.2,11.4,6.3,66.1
12.7,0.459,13.3,0.503,103.6,14.1,16.8,4.0,19.9,24.5,108.5,0.446,81.0,85.1,42.1,0.224,12.6,10.3,7.1,71.5
12.6,0.465,13.8,0.494,107.9,15.0,20.5,6.5,19.0,24.2,108.2,0.457,83.3,81.0,41.3,0.157,14.6,12.4,4.8,69.6
12.3,0.459,12.7,0.484,98.2,13.9,18.5,4.5,20.1,28.9,107.3,0.416,83.4,83.2,47.0,0.153,13.4,13.6,4.2,73.1
13.3,0.452,15.4,0.473,101.7,17.6,19.1,5.3,19.2,26.1,102.4,0.445,85.5,84.4,44.9,0.124,15.9,14.0,3.6,69.9
12.5,0.45,15.8,0.494,105.7,17.4,17.4,4.3,19.2,26.2,104.8,0.456,81.3,86.3,43.8,0.244,12.5,12.3,7.1,71.6
10.5,0.444,13.8,0.474,105.6,15.4,23.5,4.4,19.8,26.5,104.8,0.47,83.9,76.9,43.0,0.183,15.8,13.5,5.1,73.8
13.2,0.447,12.9,0.487,104.6,14.0,16.4,5.4,16.6,23.9,105.6,0.451,84.7,84.6,43.0,0.232,14.0,12.7,6.7,69.6
12.5,0.442,14.0,0.476,105.8,15.6,19.9,4.9,18.7,25.8,103.5,0.45,84.3,84.8,44.7,0.202,13.0,13.1,5.7,71.6
13.1,0.457,15.2,0.491,99.0,16.7,19.9,4.9,17.9,23.6,104.6,0.424,82.6,81.3,43.7,0.184,15.7,12.5,5.6,70.5
11.2,0.467,12.9,0.485,103.4,13.9,20.0,4.6,16.8,21.6,106.1,0.445,84.3,80.2,42.5,0.104,14.0,12.4,3.0,73.0
11.8,0.449,13.7,0.475,101.4,14.7,16.4,5.0,22.7,30.0,104.3,0.448,79.7,83.1,42.9,0.153,14.6,10.8,4.1,73.2
13.8,0.433,12.6,0.468,106.3,13.6,18.3,4.5,19.5,24.9,105.1,0.464,83.9,82.2,40.9,0.2,15.2,12.7,5.8,67.2
11.9,0.47,14.5,0.501,100.8,15.2,17.3,4.8,18.8,24.7,107.9,0.431,78.4,80.0,43.0,0.175,13.8,11.8,5.0,72.4
11.7,0.433,12.7,0.464,104.9,13.9,19.9,4.2,19.3,25.2,104.7,0.454,83.9,80.7,43.3,0.17,14.2,13.4,5.2,71.8
12.4,0.442,15.6,0.468,104.0,17.4,22.6,5.1,20.2,26.9,100.4,0.443,82.1,82.1,42.8,0.136,15.1,12.3,4.2,71.2
11.7,0.451,14.8,0.476,107.0,16.1,21.8,4.8,19.1,25.7,103.5,0.459,81.5,79.8,42.7,0.133,13.9,13.0,4.1,71.7
10.8,0.464,14.3,0.49,102.3,14.9,19.5,4.7,20.3,26.2,107.3,0.446,77.8,76.1,41.0,0.134,15.0,11.4,4.0,73.2
12.0,0.462,14.3,0.488,98.6,15.0,15.6,4.3,20.1,27.0,105.0,0.425,78.0,82.7,43.8,0.138,13.5,11.3,4.0,73.0
13.3,0.42,13.9,0.444,108.4,15.9,21.4,5.2,18.3,26.2,99.8,0.467,87.1,82.6,45.6,0.15,14.6,15.9,4.2,69.1
13.0,0.442,14.2,0.457,100.0,15.7,18.4,5.1,19.2,27.1,101.5,0.435,82.6,80.4,44.1,0.095,16.2,14.0,2.5,69.9
11.9,0.46,14.5,0.495,101.0,15.0,18.4,5.0,16.4,22.3,104.5,0.422,78.8,80.4,43.2,0.186,13.3,11.2,5.4,72.9
12.8,0.441,14.1,0.46,107.9,15.4,16.8,4.5,18.0,24.2,102.0,0.455,83.0,86.1,45.3,0.12,11.3,14.0,3.1,71.0
11.8,0.449,15.8,0.474,108.5,16.8,18.7,4.4,19.4,25.1,102.3,0.474,78.5,80.6,40.6,0.139,14.1,12.3,4.0,70.6
11.3,0.455,14.4,0.482,100.9,14.6,19.6,4.9,17.2,22.0,102.5,0.424,77.7,78.0,40.5,0.147,13.6,9.8,4.3,73.1
12.7,0.426,14.9,0.458,110.1,16.2,18.4,5.1,16.6,22.3,97.8,0.477,82.4,83.9,40.6,0.188,13.1,11.6,5.2,69.6
12.2,0.415,18.0,0.443,104.6,19.0,18.7,4.4,18.1,25.5,94.2,0.456,75.4,78.0,40.9,0.167,14.5,12.6,4.1,69.9
13.7,0.449,13.4,0.484,99.6,14.9,15.7,4.9,19.5,25.3,105.6,0.432,85.0,87.1,45.0,0.194,14.5,12.0,5.8,70.7
12.4,0.458,12.8,0.499,104.6,13.7,20.5,5.4,18.0,22.9,108.8,0.439,82.9,80.8,42.4,0.218,14.4,11.9,6.9,71.1
12.0,0.465,13.3,0.498,104.8,14.4,19.5,5.0,19.4,28.5,108.4,0.438,81.5,83.1,44.7,0.191,12.2,13.2,5.4,72.5
13.0,0.459,13.1,0.498,102.6,13.9,19.9,4.6,18.9,23.8,107.1,0.439,81.9,81.6,41.5,0.202,14.2,10.1,6.3,70.7
11.3,0.437,12.1,0.468,103.4,13.2,17.4,4.6,18.1,24.2,105.9,0.447,85.0,82.0,44.5,0.167,13.3,13.6,5.2,73.2
12.9,0.438,13.8,0.474,102.1,15.2,23.0,4.5,18.0,25.2,103.2,0.435,83.8,79.3,42.9,0.196,15.6,13.0,6.0,69.8
12.8,0.456,14.3,0.491,105.6,15.3,16.5,5.7,17.7,24.2,105.6,0.453,81.1,82.7,41.7,0.176,13.9,12.2,5.7,69.8
11.8,0.458,13.0,0.482,103.7,13.9,19.1,4.3,16.6,21.2,105.2,0.452,83.8,80.3,42.3,0.131,14.2,12.2,3.9,71.9
12.0,0.453,14.0,0.492,104.2,14.7,16.9,4.4,19.3,25.4,106.7,0.449,79.2,82.1,42.0,0.217,12.6,11.2,6.1,71.9
10.7,0.471,15.1,0.497,102.4,15.8,22.3,5.0,20.9,27.8,107.6,0.439,76.7,74.1,40.6,0.135,15.6,11.5,4.0,73.2
12.3,0.433,12.8,0.47,106.3,13.9,18.8,5.1,17.7,24.0,103.7,0.446,83.9,84.3,44.2,0.21,12.1,12.7,6.2,71.8
11.8,0.461,13.6,0.496,98.0,14.0,15.0,4.2,20.4,28.5,106.6,0.419,76.4,82.6,44.1,0.175,12.9,11.0,5.4,73.7
12.3,0.424,14.2,0.453,101.8,15.9,19.5,5.2,19.6,27.2,100.0,0.434,83.9,83.5,45.5,0.162,14.0,13.5,4.7,72.2
11.5,0.468,14.8,0.497,101.8,15.3,17.5,5.0,17.6,23.2,106.5,0.438,78.3,78.5,42.0,0.165,14.3,11.7,4.5,72.4
12.0,0.447,14.7,0.468,98.9,15.8,15.2,5.2,20.7,27.8,103.6,0.429,79.1,81.7,44.8,0.124,14.5,13.1,3.2,72.5
10.8,0.428,14.7,0.473,103.7,15.7,19.9,5.2,19.8,26.7,101.4,0.459,79.1,78.0,39.8,0.252,16.0,10.9,7.2,72.7
11.0,0.436,14.1,0.46,98.0,15.2,19.7,4.0,18.2,24.1,100.3,0.435,82.4,78.3,42.7,0.156,16.3,11.8,4.0,73.7
11.4,0.439,15.7,0.46,107.8,17.0,19.0,5.3,20.8,27.4,100.6,0.47,78.7,80.4,41.3,0.131,14.1,12.4,3.4,71.8
12.7,0.44,14.5,0.471,102.2,15.2,19.2,4.6,18.8,24.5,102.0,0.423,78.4,81.5,42.9,0.18,12.8,11.2,4.8,71.4
12.7,0.448,14.9,0.476,104.5,15.8,18.0,4.3,17.4,25.1,101.3,0.44,78.9,82.9,42.9,0.164,12.0,11.7,4.4,71.1
12.7,0.409,13.9,0.429,107.4,15.9,18.6,5.4,17.4,24.7,97.8,0.472,87.5,82.2,45.5,0.134,15.0,16.4,3.4,69.7
12.1,0.442,15.4,0.459,104.9,16.5,19.9,5.1,19.0,24.9,100.3,0.445,79.7,80.3,42.1,0.101,14.1,12.4,2.7,71.1
12.2,0.425,13.9,0.452,105.5,14.7,20.3,5.2,19.9,26.2,100.0,0.455,79.9,78.7,39.6,0.165,14.9,11.1,4.4,70.0
10.9,0.431,13.7,0.457,99.5,14.4,17.6,4.7,19.5,26.2,101.8,0.426,79.3,79.3,44.4,0.151,14.1,12.6,4.1,74.5
12.8,0.439,14.9,0.464,105.8,15.7,16.1,4.7,17.8,23.1,99.6,0.463,79.7,82.8,40.5,0.145,13.8,10.9,4.0,69.8
12.5,0.431,15.5,0.456,104.3,16.7,20.1,4.8,16.8,22.1,98.7,0.442,81.3,80.6,42.9,0.14,13.8,12.5,4.1,70.8
11.1,0.43,13.7,0.469,98.5,13.7,16.3,4.4,17.4,22.9,101.1,0.431,76.3,76.4,39.6,0.221,15.3,9.9,5.8,72.7
10.6,0.444,14.6,0.476,98.2,14.5,18.0,5.4,16.8,21.1,101.2,0.417,75.6,75.1,40.2,0.18,14.7,9.4,4.8,74.3
11.7,0.424,15.1,0.45,107.3,15.8,19.6,4.2,17.2,23.3,97.2,0.472,78.2,77.2,38.9,0.148,14.3,11.3,4.0,70.3
13.0,0.462,11.3,0.507,107.7,12.1,20.0,5.5,19.6,24.3,112.2,0.452,84.5,83.5,42.5,0.237,12.9,11.2,7.6,70.7
13.0,0.467,12.4,0.497,101.1,13.8,16.0,4.7,19.7,26.3,109.0,0.44,85.4,86.7,45.3,0.166,13.6,12.4,5.2,71.7
12.4,0.461,11.8,0.498,101.7,12.7,19.2,4.9,18.2,26.1,109.4,0.424,83.4,82.6,44.3,0.21,13.0,12.5,6.2,72.0
13.2,0.448,12.6,0.493,105.3,13.6,17.9,5.0,17.6,23.4,107.0,0.456,84.1,83.3,41.2,0.241,14.4,11.5,7.6,69.2
11.1,0.461,12.5,0.49,105.3,13.4,17.7,6.0,17.1,21.4,109.0,0.445,84.0,81.1,44.2,0.152,12.7,12.9,4.8,73.7
13.4,0.429,14.7,0.452,108.5,16.8,19.8,4.9,20.6,28.6,102.8,0.459,85.2,85.3,46.7,0.142,12.9,16.3,3.9,69.4
13.3,0.469,13.2,0.505,105.6,13.7,16.6,5.8,15.4,20.4,108.9,0.449,81.5,80.5,40.3,0.193,14.5,11.8,6.0,68.1
12.8,0.462,13.6,0.507,107.1,14.1,18.2,6.0,16.1,21.5,106.9,0.441,80.2,83.5,41.4,0.241,12.0,10.3,7.2,70.9
12.8,0.446,14.2,0.477,103.8,15.2,18.8,5.1,20.3,26.3,104.1,0.438,80.2,82.9,42.7,0.182,13.2,11.3,4.9,71.0
12.2,0.458,13.8,0.492,99.7,14.4,15.6,4.6,20.3,27.4,106.5,0.426,77.6,82.6,42.4,0.19,13.7,11.1,5.3,71.9
10.9,0.45,13.5,0.485,104.0,14.3,16.0,5.7,17.7,23.2,107.4,0.453,81.4,79.4,43.0,0.198,14.2,13.2,5.7,73.3
11.6,0.424,12.8,0.476,101.0,13.6,19.7,6.3,18.3,23.9,103.4,0.425,82.1,80.2,42.2,0.289,15.1,10.9,8.5,72.9
12.2,0.446,13.4,0.476,99.5,14.5,17.4,5.0,17.1,23.3,104.0,0.429,83.1,81.3,43.3,0.175,14.9,12.7,4.9,71.6
11.3,0.45,15.4,0.472,104.6,16.5,21.7,5.7,22.6,29.6,105.6,0.447,77.7,75.8,42.2,0.132,15.9,13.5,3.4,71.7
13.0,0.445,13.8,0.476,106.0,14.8,16.2,5.0,18.3,24.7,105.5,0.448,81.3,83.7,43.4,0.172,12.1,13.2,5.0,69.9
11.3,0.448,13.8,0.477,108.2,14.6,18.4,5.8,18.6,24.1,104.6,0.457,80.3,81.4,42.1,0.156,12.3,11.8,4.7,72.8
12.6,0.447,13.6,0.472,104.0,14.7,18.4,5.3,15.2,19.9,103.3,0.444,84.6,81.3,42.7,0.158,14.4,13.1,4.4,70.2
12.1,0.452,14.3,0.497,102.4,14.5,16.5,4.4,18.0,23.8,104.8,0.447,76.8,79.8,38.7,0.24,14.8,9.9,6.9,70.5
12.2,0.439,14.6,0.471,106.4,15.5,17.8,5.8,18.1,23.7,101.8,0.459,80.6,81.4,41.5,0.181,14.1,11.6,5.2,70.9
11.7,0.44,13.3,0.466,103.3,14.0,18.1,5.3,19.1,25.7,104.3,0.432,80.2,80.4,43.5,0.151,13.3,12.9,4.2,72.2
11.7,0.441,12.5,0.464,106.4,13.0,17.0,5.1,17.4,22.8,104.8,0.452,81.3,79.7,42.0,0.118,13.0,12.9,3.7,71.4
12.7,0.428,13.4,0.465,108.6,14.1,14.9,4.5,17.1,23.1,103.1,0.464,80.8,83.8,41.9,0.223,11.5,12.5,6.0,69.8
12.1,0.424,13.6,0.455,107.8,14.7,19.5,5.2,15.9,21.4,101.4,0.459,83.8,79.8,41.8,0.187,13.6,13.6,5.2,69.9
11.7,0.432,14.0,0.468,105.9,14.5,18.9,5.4,17.1,21.8,101.5,0.445,79.5,80.1,40.7,0.206,12.9,10.7,5.8,71.9
12.1,0.434,13.6,0.463,103.1,14.3,18.5,4.6,15.5,20.9,102.6,0.441,82.0,77.9,42.1,0.165,14.7,13.6,4.7,70.1
12.0,0.436,14.6,0.452,100.3,15.3,16.5,5.3,20.0,25.7,102.1,0.426,78.5,79.3,44.2,0.111,14.2,13.3,2.6,72.1
13.8,0.436,15.4,0.462,106.3,16.4,16.4,4.9,16.3,23.0,98.2,0.457,79.7,83.3,41.4,0.168,13.7,12.0,4.1,68.0
11.5,0.433,14.6,0.456,107.6,15.3,19.0,5.1,17.2,23.9,98.2,0.465,79.2,79.4,40.0,0.134,13.7,11.3,3.7,71.4
10.9,0.439,14.6,0.463,100.2,14.8,19.1,4.6,15.1,20.8,98.5,0.425,77.8,76.6,42.0,0.141,13.6,11.0,3.8,74.0
12.7,0.453,10.9,0.498,102.3,11.6,18.0,5.8,18.1,21.9,110.7,0.438,85.1,81.5,42.1,0.239,14.8,11.1,7.8,70.9
14.7,0.441,13.9,0.472,109.5,15.8,19.2,5.3,22.6,29.0,108.3,0.452,84.6,87.5,46.7,0.178,12.2,15.7,5.2,67.9
14.0,0.464,13.3,0.499,99.1,14.5,17.7,4.5,16.7,22.3,105.9,0.42,85.2,86.9,44.5,0.184,13.6,11.0,6.0,70.6
11.7,0.451,13.3,0.486,104.7,14.5,19.8,5.7,19.0,26.0,107.2,0.443,83.6,82.0,44.3,0.199,13.4,13.1,5.9,72.7
12.5,0.457,12.2,0.5,108.6,12.7,19.2,5.8,18.1,23.3,108.8,0.458,81.3,81.0,39.5,0.229,13.5,10.7,7.1,69.9
11.8,0.436,13.3,0.478,105.0,14.4,20.1,4.9,19.7,25.4,105.2,0.455,82.5,80.5,40.9,0.235,15.1,11.7,6.9,71.1
11.9,0.466,12.9,0.488,103.8,13.7,17.0,5.8,17.1,22.3,106.1,0.437,83.0,83.8,43.6,0.118,12.7,11.7,3.6,72.9
13.7,0.452,14.2,0.487,107.3,15.4,16.8,5.3,17.4,23.6,103.9,0.46,82.2,85.5,41.6,0.19,13.4,11.5,5.7,68.7
11.1,0.448,13.7,0.466,102.5,14.8,18.9,5.5,21.3,27.5,105.0,0.452,81.0,77.6,42.2,0.119,16.2,12.7,3.0,72.7
12.3,0.441,13.7,0.469,100.8,14.8,18.6,5.0,21.2,27.7,104.6,0.428,80.6,81.6,44.2,0.169,14.3,12.2,4.6,72.3
11.4,0.441,13.4,0.486,106.2,14.0,20.6,4.4,16.1,19.8,104.7,0.457,82.0,79.0,39.2,0.235,13.7,10.3,7.4,71.8
12.5,0.462,15.1,0.497,99.7,15.8,16.3,4.3,19.4,26.8,105.6,0.427,76.8,81.7,42.6,0.202,14.2,11.5,5.5,71.3
12.6,0.443,13.7,0.473,102.5,14.7,18.0,5.3,17.4,23.5,103.7,0.438,82.6,81.2,42.5,0.17,14.8,12.8,4.8,70.3
11.4,0.441,13.8,0.468,98.1,14.8,17.7,5.2,20.3,26.8,103.8,0.427,80.3,78.8,42.9,0.158,15.7,12.1,4.2,73.1
11.1,0.46,14.5,0.489,102.6,15.2,15.5,5.3,17.7,23.7,105.5,0.45,79.2,79.8,41.1,0.177,14.9,12.1,4.6,72.3
13.6,0.445,15.4,0.471,105.6,16.9,21.9,5.3,17.7,24.6,100.2,0.439,81.9,83.1,43.0,0.148,13.3,12.0,4.3,69.5
12.3,0.468,16.0,0.486,102.8,16.8,19.8,5.3,21.3,28.6,105.5,0.434,75.5,77.4,41.5,0.104,15.2,12.5,2.7,70.2
13.1,0.444,15.7,0.476,106.1,16.7,18.7,5.4,19.4,24.5,102.3,0.437,78.5,84.2,42.6,0.177,12.1,11.4,4.9,70.4
11.1,0.435,13.9,0.465,101.6,14.8,18.0,4.1,17.9,23.3,103.9,0.438,81.6,79.5,43.6,0.161,14.0,13.4,4.9,73.1
12.8,0.437,14.8,0.467,106.8,15.7,18.4,5.5,19.9,26.5,102.3,0.447,79.1,82.8,42.3,0.182,13.1,12.3,4.8,70.2
11.9,0.44,14.8,0.474,102.6,15.6,17.1,4.7,19.1,24.9,104.3,0.433,78.8,81.5,43.8,0.196,12.6,12.5,5.4,72.4
11.4,0.415,13.4,0.47,101.6,14.0,19.0,5.6,18.0,24.3,101.2,0.435,79.4,78.7,40.5,0.331,15.1,10.4,8.8,72.5
11.4,0.437,12.8,0.472,103.9,13.2,16.5,5.8,16.2,21.7,103.7,0.447,80.5,78.3,40.8,0.196,14.3,11.7,5.6,71.8
11.6,0.44,13.0,0.46,104.1,13.4,16.9,5.5,19.7,25.3,103.0,0.442,78.0,79.4,40.4,0.127,13.8,11.2,3.1,71.6
10.5,0.43,13.3,0.473,99.9,13.5,17.2,3.5,19.0,24.6,104.1,0.438,76.5,76.5,40.6,0.237,13.9,10.8,6.5,74.0
11.4,0.422,16.4,0.444,106.7,18.3,20.9,5.2,18.3,24.5,96.5,0.453,82.3,82.8,44.6,0.133,13.0,13.6,3.6,73.2
11.9,0.427,13.6,0.458,107.0,14.4,18.2,4.5,16.5,22.9,100.5,0.461,81.3,80.4,41.2,0.179,13.1,12.5,5.0,70.7
10.6,0.412,13.8,0.439,102.4,14.2,19.5,5.0,15.8,20.6,96.7,0.437,79.5,75.7,41.6,0.169,14.1,11.6,4.2,73.9
10.5,0.411,17.1,0.428,101.3,18.5,21.6,5.1,15.8,22.6,92.2,0.443,79.8,74.2,42.4,0.126,16.5,13.6,2.8,73.3
12.3,0.459,11.1,0.495,107.4,12.2,17.8,6.5,18.0,22.6,112.1,0.459,88.2,83.2,45.3,0.201,13.9,14.3,6.2,71.6
13.2,0.462,13.0,0.507,104.9,13.9,16.3,5.0,19.8,24.9,110.3,0.454,81.8,84.4,41.2,0.223,13.7,10.8,7.3,69.8
11.2,0.454,12.8,0.481,101.3,13.8,18.0,5.1,19.9,28.7,105.5,0.44,81.4,81.0,43.1,0.167,14.3,12.2,4.5,73.3
12.0,0.447,12.7,0.477,105.4,13.5,17.4,5.6,20.7,26.7,106.5,0.452,81.1,81.9,42.2,0.172,13.3,11.7,4.9,71.8
12.9,0.443,14.2,0.467,102.7,15.6,17.9,4.6,20.2,26.3,103.9,0.453,82.5,81.2,42.3,0.146,15.6,13.2,4.0,69.3
13.0,0.446,13.9,0.501,108.0,14.5,19.1,5.9,16.6,21.7,107.3,0.45,80.4,80.8,39.3,0.294,13.9,11.1,8.8,68.5
13.4,0.445,13.9,0.479,102.2,15.0,20.0,4.5,19.0,26.1,104.8,0.436,81.2,79.9,41.8,0.197,15.7,12.8,5.5,68.4
13.0,0.443,15.4,0.486,103.7,16.2,19.4,6.8,19.2,25.5,102.1,0.437,78.2,80.8,40.1,0.249,15.7,10.4,6.7,69.5
12.6,0.428,15.0,0.453,108.5,16.4,18.8,5.5,22.0,28.1,103.5,0.46,80.2,81.5,43.5,0.156,12.9,14.0,4.0,70.0
12.2,0.462,12.4,0.486,99.7,12.7,17.4,4.8,16.6,21.3,105.9,0.414,80.1,80.8,42.9,0.137,12.9,10.7,4.0,72.5
12.7,0.443,14.3,0.475,105.5,15.2,19.5,5.8,17.0,22.7,101.4,0.446,81.4,81.4,40.6,0.18,14.7,11.3,5.1,69.9
13.1,0.429,12.8,0.461,110.4,13.7,17.8,6.0,18.0,24.4,102.7,0.466,82.5,83.0,40.9,0.184,12.7,12.2,5.2,68.7
12.0,0.442,14.1,0.475,103.8,14.8,17.1,5.0,17.9,24.7,103.0,0.445,79.4,80.9,43.1,0.197,13.3,12.2,5.2,72.1
11.8,0.433,13.7,0.451,104.2,14.8,18.2,5.3,18.6,24.8,101.4,0.437,82.4,82.4,45.6,0.116,12.3,13.6,3.0,73.0
12.8,0.433,15.4,0.465,106.1,16.5,19.2,5.9,18.7,24.1,101.0,0.44,79.6,82.2,42.7,0.191,13.1,12.1,5.1,70.5
11.6,0.442,15.1,0.474,103.3,15.7,20.5,5.1,16.8,21.1,101.7,0.429,79.4,79.2,42.6,0.171,13.2,11.6,5.0,72.8
12.8,0.421,16.0,0.454,104.8,17.5,17.6,5.2,19.3,27.0,98.8,0.454,80.0,82.2,42.8,0.194,14.9,13.6,5.3,69.5
11.9,0.42,14.1,0.46,102.4,15.0,17.2,5.4,17.7,23.6,102.3,0.441,80.5,78.6,42.8,0.252,15.0,13.3,6.5,71.3
11.1,0.442,14.1,0.473,94.1,14.7,16.7,3.8,17.2,25.2,102.2,0.409,78.5,77.9,45.1,0.177,14.8,12.5,5.0,74.6
10.6,0.435,14.1,0.471,97.2,14.4,16.5,4.0,18.8,24.6,103.8,0.432,77.1,75.4,41.7,0.203,15.7,11.8,5.5,73.9
12.4,0.448,14.4,0.478,105.1,14.8,14.9,5.1,15.4,21.1,103.7,0.45,78.9,80.1,41.7,0.17,13.3,12.7,4.6,70.0
10.6,0.441,14.4,0.471,98.0,14.7,17.0,5.1,17.0,22.6,100.8,0.427,77.7,76.9,40.7,0.176,15.7,10.5,4.6,73.9
10.9,0.425,13.5,0.463,101.7,13.9,19.7,5.3,17.8,23.4,102.2,0.428,78.3,75.7,41.5,0.211,14.5,11.5,5.9,73.4
12.0,0.435,14.7,0.461,95.4,15.1,15.7,4.3,19.0,25.3,102.0,0.413,77.0,77.8,42.8,0.153,15.5,12.4,4.1,71.8
11.1,0.442,16.4,0.484,99.0,16.7,18.2,5.6,16.7,21.6,100.9,0.412,75.5,78.1,42.6,0.227,13.1,10.3,6.3,74.5
12.3,0.414,14.9,0.446,103.4,16.1,20.4,5.4,16.2,22.4,96.6,0.436,82.4,80.6,43.5,0.186,14.1,12.8,5.2,71.4
10.6,0.436,16.1,0.456,103.3,16.6,22.9,5.1,20.0,26.8,101.9,0.432,75.3,71.7,41.2,0.127,15.4,13.5,3.1,72.4
12.1,0.428,15.5,0.456,101.9,15.9,18.0,5.4,18.4,24.5,99.1,0.432,76.3,77.7,40.8,0.158,14.7,11.5,4.1,70.7
12.6,0.418,14.1,0.454,100.4,14.2,18.7,3.3,15.1,20.1,97.0,0.428,77.4,77.6,39.6,0.204,14.1,10.1,5.6,70.1
15.0,0.477,12.4,0.534,107.1,13.7,16.1,6.0,19.0,25.4,114.5,0.445,85.6,91.3,44.1,0.289,12.0,11.8,9.7,68.3
13.4,0.459,12.0,0.496,108.2,13.1,18.1,5.7,19.2,24.4,110.5,0.459,85.1,84.6,42.4,0.2,13.3,12.5,6.4,69.0
13.1,0.457,12.5,0.492,104.1,13.4,19.5,5.5,22.3,28.2,110.3,0.438,81.6,81.9,42.9,0.19,14.3,12.1,5.6,70.2
11.2,0.486,13.1,0.524,103.1,13.7,19.8,5.4,20.2,30.1,110.2,0.427,77.7,81.8,43.0,0.198,12.4,10.8,5.8,74.1
12.7,0.468,14.7,0.501,106.6,15.8,22.3,6.0,21.6,28.3,107.5,0.444,79.4,81.3,40.8,0.192,14.2,11.1,5.3,70.1
12.4,0.437,12.9,0.474,107.5,14.3,18.9,6.4,21.9,30.2,107.2,0.459,82.9,82.3,42.8,0.22,14.6,13.8,6.3,70.0
12.1,0.444,12.5,0.492,108.7,13.3,19.6,5.3,19.8,25.6,106.9,0.467,81.2,81.8,40.1,0.253,13.4,10.3,7.9,71.1
11.9,0.459,13.8,0.483,103.9,14.9,19.9,5.6,21.5,28.2,106.0,0.447,80.7,80.6,42.0,0.142,15.1,11.8,3.9,71.7
12.5,0.454,14.6,0.478,107.3,16.1,21.2,5.4,21.6,28.5,104.9,0.451,81.5,83.2,43.7,0.137,13.2,12.7,3.9,71.3
11.6,0.437,14.2,0.475,104.3,15.5,21.5,6.9,21.1,26.8,103.5,0.443,82.1,80.7,42.0,0.216,15.4,11.1,6.2,72.7
11.3,0.444,13.0,0.495,109.6,13.6,19.4,5.7,20.5,26.0,112.2,0.459,79.2,77.8,40.9,0.281,12.9,12.7,8.1,71.3
12.5,0.437,13.4,0.485,111.4,14.3,18.4,6.7,20.3,26.1,108.1,0.453,80.8,84.5,43.2,0.273,11.0,12.5,7.9,71.1
12.9,0.43,12.3,0.475,106.9,13.6,19.0,5.5,17.2,23.8,104.7,0.458,85.8,83.4,42.7,0.252,13.9,13.0,7.6,69.7
11.8,0.451,13.8,0.485,108.9,14.7,20.9,5.7,19.3,25.1,106.2,0.465,80.5,78.7,41.0,0.188,13.8,11.8,5.4,71.2
11.4,0.45,13.0,0.475,109.8,13.8,19.0,5.6,21.0,27.2,106.6,0.464,80.2,81.4,41.3,0.141,12.4,12.0,4.0,72.0
12.6,0.459,12.7,0.489,106.6,13.2,17.2,5.7,17.7,22.2,108.2,0.438,80.8,82.6,43.0,0.173,11.2,11.5,4.8,71.4
11.4,0.447,13.0,0.47,105.7,13.9,19.5,5.1,19.9,26.5,106.6,0.452,81.5,78.6,42.3,0.135,14.1,13.6,3.7,71.5
10.9,0.453,13.2,0.492,98.8,13.7,18.3,3.9,18.7,25.9,107.5,0.426,78.7,77.5,42.4,0.216,14.7,12.0,6.2,73.6
12.0,0.459,14.9,0.477,106.4,15.7,19.0,5.9,21.6,27.7,105.5,0.444,77.7,80.7,41.9,0.105,13.0,12.0,2.8,71.3
10.9,0.443,13.5,0.486,101.7,13.8,19.2,5.5,18.9,24.2,106.2,0.423,78.3,78.3,42.4,0.237,12.9,10.7,6.7,74.5
11.9,0.432,15.5,0.471,100.3,16.7,20.9,5.1,18.7,25.0,101.4,0.422,80.4,79.9,43.8,0.217,14.4,12.2,6.2,72.6
11.7,0.432,13.3,0.455,107.5,14.5,21.3,5.4,18.1,25.6,101.1,0.463,83.6,79.4,41.7,0.128,14.7,13.2,3.9,70.9
12.1,0.447,14.3,0.489,102.9,14.6,20.5,5.2,18.6,24.7,105.5,0.432,76.5,75.8,39.0,0.237,15.4,10.8,6.5,69.9
11.3,0.444,13.3,0.472,101.2,13.8,16.4,5.0,19.4,26.2,105.6,0.43,78.3,79.2,43.4,0.164,13.5,12.9,4.4,73.0
10.5,0.449,15.0,0.469,109.5,15.8,24.7,5.9,21.0,27.7,104.7,0.458,76.8,72.7,40.1,0.121,14.2,12.8,3.0,72.3
11.9,0.432,14.1,0.476,104.6,14.3,20.0,4.8,21.3,26.9,105.5,0.44,75.2,76.6,40.1,0.255,13.6,10.6,6.6,71.3
14.0,0.451,15.2,0.484,107.7,16.0,17.0,5.4,17.2,23.7,103.2,0.447,78.3,83.4,41.1,0.181,12.6,11.8,5.1,67.7
11.0,0.441,14.9,0.464,111.1,16.1,22.5,5.7,17.3,24.3,100.6,0.476,81.4,77.9,41.9,0.146,14.0,13.4,3.7,72.1
10.7,0.429,13.7,0.463,103.1,14.2,20.9,5.9,19.0,24.9,101.4,0.439,78.3,75.2,39.5,0.187,15.2,10.4,5.3,73.2
11.5,0.415,14.2,0.446,107.7,14.8,20.0,6.0,17.1,22.3,99.7,0.452,80.0,76.8,40.2,0.201,13.9,12.4,5.1,70.7
12.5,0.479,12.2,0.537,105.8,13.3,17.4,6.3,14.5,18.0,111.5,0.454,87.4,87.1,41.8,0.293,13.2,9.5,10.2,72.1
12.2,0.459,13.7,0.504,114.4,14.7,20.9,6.6,20.1,25.7,111.1,0.485,81.8,80.4,39.6,0.243,13.6,12.4,7.4,69.0
11.8,0.447,12.8,0.484,107.3,13.9,20.2,6.1,23.0,30.4,109.3,0.465,81.2,79.0,41.2,0.209,15.1,12.6,6.1,70.9
10.2,0.454,12.4,0.5,112.7,13.1,20.7,6.2,20.2,25.5,109.5,0.491,81.0,78.6,38.5,0.244,13.5,10.5,7.4,73.3
11.8,0.461,13.7,0.488,105.2,14.8,18.8,6.5,21.0,28.2,105.5,0.454,81.4,82.5,41.3,0.161,14.7,11.0,4.3,72.0
10.1,0.478,13.9,0.517,104.5,14.5,20.0,6.0,19.7,28.2,108.7,0.44,77.5,79.6,43.1,0.227,12.4,10.5,6.1,76.4
11.9,0.458,13.3,0.487,108.1,14.1,19.6,6.1,21.6,28.4,106.0,0.463,79.8,81.7,40.2,0.158,14.3,10.6,4.6,71.3
10.9,0.453,13.1,0.495,105.7,13.9,19.3,5.8,19.7,26.5,108.4,0.45,80.6,79.8,42.2,0.24,13.4,11.8,6.7,73.6
11.4,0.462,13.1,0.495,105.0,13.6,19.8,4.9,22.2,28.3,111.8,0.443,77.7,77.1,42.2,0.175,13.7,12.6,5.1,72.2
11.6,0.454,13.9,0.492,105.0,14.6,17.2,5.6,20.8,26.5,106.7,0.454,79.3,82.0,40.5,0.217,13.7,10.4,6.0,72.2
12.0,0.433,13.0,0.479,106.2,14.1,19.8,5.7,19.2,26.7,104.8,0.457,82.7,81.4,42.3,0.27,14.1,12.0,7.6,71.6
11.1,0.467,15.7,0.504,106.9,16.6,22.3,5.4,20.3,26.9,105.2,0.456,77.1,78.8,39.6,0.204,13.8,9.9,5.7,72.8
10.1,0.453,13.8,0.492,107.4,14.6,20.4,6.0,19.0,25.8,106.3,0.466,80.1,77.8,41.2,0.203,13.8,11.3,6.2,74.6
10.7,0.446,13.9,0.487,103.4,14.9,23.4,6.1,17.7,24.0,104.0,0.426,82.2,79.5,42.8,0.219,13.9,11.0,6.8,74.7
9.8,0.454,13.3,0.492,105.4,13.9,17.8,5.6,20.6,28.3,107.8,0.455,78.2,79.0,42.3,0.228,12.8,11.7,6.1,75.7
10.5,0.465,13.8,0.487,103.6,14.5,19.4,5.8,20.7,26.1,105.3,0.435,78.6,81.0,43.1,0.131,12.2,10.1,3.5,75.9
12.0,0.454,14.7,0.486,111.6,15.7,21.6,5.4,20.2,26.9,106.4,0.478,79.2,78.5,40.3,0.178,14.1,13.0,5.2,69.5
11.5,0.433,13.0,0.464,106.7,14.2,20.5,5.6,19.4,26.7,102.5,0.478,83.5,78.2,39.8,0.184,16.5,12.1,5.2,70.7
11.6,0.455,11.2,0.497,103.1,11.4,15.1,4.0,17.3,23.8,110.8,0.452,80.0,78.7,40.5,0.221,13.7,11.9,6.8,71.2
10.8,0.455,16.5,0.481,111.0,17.7,22.8,6.9,22.9,31.5,104.0,0.467,75.7,77.5,41.4,0.142,13.4,12.6,3.9,72.8
10.8,0.472,13.6,0.513,99.6,13.7,17.2,3.7,16.2,23.1,107.3,0.433,77.3,78.3,41.5,0.215,13.5,10.4,6.4,74.2
11.1,0.472,14.7,0.496,107.5,15.1,20.4,5.6,20.3,27.8,106.3,0.454,75.2,77.2,40.2,0.129,13.0,10.9,3.6,72.5
11.8,0.444,14.8,0.487,102.4,15.3,18.4,4.5,19.4,26.3,104.5,0.435,76.5,79.3,42.2,0.245,13.0,11.0,6.5,72.6
9.6,0.44,13.3,0.478,102.4,13.6,20.2,5.7,20.2,26.7,103.9,0.439,77.0,75.9,41.0,0.229,14.0,10.0,5.8,76.3
10.5,0.44,12.9,0.464,106.8,13.4,18.7,6.7,20.1,26.5,103.7,0.459,78.4,76.7,40.2,0.138,14.3,11.2,3.7,73.4
10.6,0.442,15.0,0.467,107.0,15.7,22.4,6.0,21.6,30.1,104.1,0.449,75.7,74.1,42.1,0.149,14.0,13.1,3.8,73.2
11.3,0.448,13.9,0.496,101.6,13.8,17.9,5.0,18.0,25.3,105.9,0.436,74.7,75.3,39.2,0.258,14.7,10.2,7.2,72.0
11.9,0.456,14.2,0.48,104.5,14.5,18.6,5.5,17.5,23.1,102.4,0.441,77.3,79.0,39.4,0.149,13.4,9.9,3.8,71.3
10.7,0.433,14.3,0.471,103.3,14.5,19.0,6.6,18.3,24.1,101.6,0.429,76.2,77.0,41.6,0.226,13.1,10.4,5.7,74.6
12.5,0.445,14.5,0.474,111.9,14.7,18.3,6.1,16.3,23.7,101.1,0.468,76.4,78.9,37.7,0.166,12.6,10.8,4.4,68.2
12.3,0.494,13.4,0.551,106.4,14.5,17.8,6.1,18.0,22.3,113.9,0.457,83.6,86.4,40.5,0.287,13.6,9.0,9.6,71.9
13.1,0.463,14.1,0.512,107.4,16.0,22.1,7.4,18.5,25.8,107.0,0.462,86.0,83.8,41.4,0.279,16.1,11.5,8.5,69.6
12.3,0.465,14.6,0.501,105.9,16.5,17.5,6.8,22.3,29.9,107.6,0.46,83.0,86.4,43.4,0.212,14.5,12.2,5.9,71.8
11.9,0.45,12.6,0.491,110.6,13.8,20.3,7.3,22.6,29.6,110.1,0.473,83.2,81.7,41.2,0.237,14.4,12.2,6.8,71.0
11.6,0.466,14.3,0.511,108.6,15.5,21.5,6.4,20.2,27.1,108.6,0.461,81.3,81.9,41.2,0.259,13.5,10.8,7.4,72.3
11.8,0.465,15.2,0.504,112.3,16.4,19.5,7.0,22.4,29.4,106.9,0.486,78.6,82.5,39.5,0.211,14.0,10.6,6.1,71.1
9.9,0.474,14.5,0.502,107.0,15.6,23.7,6.2,22.3,30.0,110.1,0.455,78.9,75.5,42.5,0.163,14.4,12.6,4.3,75.1
11.1,0.45,13.5,0.491,108.0,14.6,19.5,6.8,23.1,30.2,106.2,0.472,79.7,81.4,38.9,0.232,14.9,9.7,6.5,72.5
10.2,0.467,13.4,0.509,103.2,13.9,20.2,4.6,20.1,24.9,111.3,0.447,78.6,76.1,41.9,0.218,14.2,11.2,6.5,75.0
13.0,0.465,14.1,0.504,111.7,15.1,19.1,6.9,17.1,23.4,107.0,0.48,81.9,81.4,39.2,0.219,14.5,11.5,6.4,68.1
10.3,0.463,13.0,0.504,106.0,13.5,17.6,6.5,19.0,24.2,107.0,0.463,79.8,80.4,39.5,0.224,14.3,9.2,6.5,74.5
11.6,0.46,14.5,0.499,110.3,15.5,19.5,6.3,18.4,23.3,107.2,0.476,80.8,80.1,39.6,0.219,14.1,11.3,6.4,70.9
10.9,0.457,14.7,0.493,99.6,16.0,19.7,5.9,18.6,25.4,104.9,0.435,81.3,78.2,43.7,0.186,16.2,12.0,5.9,74.3
10.1,0.474,13.6,0.521,99.9,13.9,15.9,4.5,18.1,24.1,109.2,0.443,77.2,78.8,40.7,0.247,14.0,9.3,7.3,75.7
10.6,0.457,14.2,0.504,106.6,14.8,21.0,6.3,19.1,26.3,105.7,0.45,77.8,79.0,40.8,0.263,13.7,10.0,7.4,74.4
10.8,0.457,15.9,0.494,108.8,17.1,19.7,7.0,20.9,29.2,105.7,0.46,77.5,80.1,43.3,0.216,13.0,12.6,5.8,74.0
9.8,0.445,13.6,0.499,100.7,14.2,18.3,5.8,17.5,23.2,106.0,0.429,79.6,79.3,43.3,0.29,13.6,10.7,8.6,77.0
11.3,0.446,13.9,0.48,107.6,14.9,22.0,5.5,19.1,26.0,103.6,0.465,81.0,78.7,39.8,0.193,14.7,11.2,5.6,71.6
9.8,0.447,13.4,0.484,101.3,14.4,18.8,4.9,18.1,26.0,105.5,0.448,81.2,77.3,43.5,0.211,14.7,12.7,6.0,75.8
11.7,0.461,14.8,0.49,107.9,15.6,18.4,6.3,18.3,23.1,103.9,0.46,79.3,81.6,40.2,0.167,13.3,10.0,4.7,72.1
11.9,0.454,12.0,0.488,104.2,12.2,18.1,5.0,18.8,24.2,108.9,0.445,79.1,77.3,40.5,0.201,14.3,11.6,5.5,70.9
10.3,0.443,15.4,0.479,106.9,16.5,21.7,5.2,20.4,26.6,103.2,0.468,78.7,77.3,40.4,0.199,14.5,11.2,5.7,73.8
10.3,0.456,14.5,0.481,105.6,15.1,19.5,5.5,21.6,27.4,105.1,0.452,77.0,78.5,41.1,0.143,13.3,10.8,3.8,74.7
11.2,0.438,15.1,0.474,105.5,16.3,21.2,5.3,19.7,25.9,102.9,0.457,80.0,78.2,41.8,0.212,14.8,12.1,5.9,72.7
10.4,0.445,13.6,0.479,106.5,14.5,17.0,6.8,17.5,23.7,104.8,0.457,81.4,80.2,43.1,0.188,13.2,12.5,5.5,74.7
11.8,0.458,14.6,0.48,106.9,15.3,17.7,6.1,20.0,26.0,103.6,0.463,78.1,80.1,39.7,0.128,14.7,11.0,3.5,70.8
10.5,0.472,16.3,0.5,104.1,17.0,21.6,5.6,20.5,29.2,104.9,0.442,74.3,75.5,40.7,0.158,14.6,11.2,4.2,73.7
11.2,0.464,14.3,0.506,105.3,14.6,18.5,6.5,17.0,24.6,104.3,0.444,76.7,79.5,40.8,0.245,13.8,10.0,6.4,73.3
10.4,0.45,14.5,0.483,109.9,15.1,20.5,5.7,18.8,24.5,105.1,0.471,78.0,76.7,39.3,0.193,13.5,11.3,5.2,73.0
11.6,0.444,15.1,0.471,108.3,15.9,20.7,5.7,20.5,26.9,103.0,0.466,77.7,77.3,40.1,0.163,14.5,11.9,4.2,70.9
12.8,0.459,11.5,0.511,109.5,13.2,22.0,7.0,18.8,24.9,111.8,0.468,90.3,85.3,43.2,0.295,14.7,12.7,9.3,70.3
12.7,0.47,12.9,0.51,106.3,14.7,18.1,7.6,23.1,30.7,110.0,0.457,85.8,89.1,44.1,0.228,14.1,11.2,6.9,72.1
13.4,0.5,13.4,0.551,108.1,14.4,17.2,5.7,18.9,24.1,113.3,0.456,82.7,90.0,41.5,0.26,11.8,8.8,8.5,70.9
12.0,0.476,12.9,0.525,105.5,14.1,18.3,6.8,21.3,27.7,113.0,0.445,83.1,85.6,44.1,0.257,12.9,11.0,8.1,73.4
10.3,0.497,13.6,0.528,106.5,14.6,22.5,6.2,21.3,28.0,113.8,0.461,80.4,76.7,40.9,0.166,15.0,11.5,5.0,74.1
11.0,0.474,13.6,0.537,105.5,14.3,18.2,6.3,20.1,27.9,111.3,0.446,78.6,83.6,42.0,0.322,12.3,9.4,9.8,74.8
11.3,0.444,13.5,0.498,107.5,15.1,22.6,7.4,19.1,24.9,106.0,0.454,85.3,83.1,43.1,0.289,14.1,11.0,9.2,73.9
11.8,0.464,14.8,0.503,109.9,16.1,21.0,7.3,22.1,27.7,107.5,0.466,80.0,82.1,40.1,0.208,13.9,10.1,6.2,71.7
9.9,0.466,11.4,0.512,105.7,11.9,14.8,6.6,16.0,20.8,111.5,0.46,82.9,80.5,41.8,0.239,13.5,11.4,7.7,75.4
11.4,0.454,14.0,0.5,111.4,15.3,16.9,7.2,18.5,25.6,105.0,0.48,82.2,86.3,41.6,0.264,12.2,10.3,7.6,73.4
11.0,0.475,14.7,0.522,98.9,15.2,19.6,5.9,20.5,26.5,110.2,0.419,76.7,77.3,42.0,0.249,15.2,10.1,7.3,74.4
10.8,0.464,12.3,0.502,106.1,12.6,20.1,5.0,20.6,25.3,111.1,0.443,79.5,79.9,43.0,0.215,11.7,10.8,6.0,75.0
10.1,0.468,11.4,0.511,107.0,11.7,16.4,7.5,16.4,20.2,110.2,0.458,82.0,80.1,40.1,0.217,13.5,9.6,7.0,75.0
11.0,0.446,12.5,0.489,109.6,13.2,17.3,8.3,19.0,24.3,109.2,0.461,81.6,79.7,41.6,0.241,13.5,12.3,7.0,72.8
11.8,0.454,14.0,0.483,108.9,14.9,17.8,6.2,21.0,27.2,106.9,0.463,79.9,82.1,42.2,0.165,12.9,12.3,4.7,71.7
10.5,0.458,11.4,0.495,102.9,11.7,18.6,5.0,18.4,24.0,111.4,0.437,79.9,76.1,41.4,0.203,13.4,11.9,5.9,73.7
11.7,0.444,14.3,0.467,109.5,16.0,18.7,7.4,17.5,22.8,100.5,0.461,85.8,87.0,44.6,0.134,11.9,11.8,3.8,73.7
11.1,0.435,13.4,0.47,107.2,14.6,20.7,7.0,18.7,24.7,103.9,0.453,83.7,80.3,43.0,0.19,14.2,12.8,5.8,73.1
12.2,0.452,13.9,0.492,109.4,14.7,19.2,6.3,18.4,25.8,104.6,0.466,79.9,81.5,40.6,0.22,13.4,10.9,6.5,71.0
10.6,0.449,13.7,0.482,112.8,14.8,20.0,7.2,17.7,24.1,105.3,0.48,82.3,80.0,41.7,0.195,13.0,12.9,5.5,73.0
11.3,0.439,13.4,0.475,111.9,14.5,18.7,7.2,18.6,25.5,104.7,0.474,82.4,81.8,42.5,0.215,12.1,12.5,6.0,72.7
10.9,0.448,13.0,0.492,101.6,13.7,17.2,5.3,16.4,22.5,106.8,0.433,81.7,80.4,44.6,0.255,12.8,12.2,7.1,74.8
11.3,0.46,13.4,0.482,106.0,14.3,16.2,6.8,18.4,26.1,106.4,0.461,81.1,79.3,41.9,0.143,15.1,13.0,3.7,72.0
9.9,0.439,13.1,0.48,106.4,14.0,18.9,6.2,18.0,25.1,106.0,0.455,81.7,78.8,44.6,0.231,12.9,13.3,6.7,75.9
10.9,0.443,14.2,0.481,109.4,15.0,21.6,6.5,20.1,27.3,104.0,0.456,78.7,79.8,41.9,0.222,12.7,11.1,6.1,73.8
10.6,0.451,13.6,0.484,111.2,14.5,21.2,6.6,15.2,20.6,103.8,0.472,83.1,79.0,41.4,0.185,12.9,11.8,5.4,73.6
11.7,0.448,12.6,0.489,108.4,12.9,17.1,6.5,17.2,22.5,107.3,0.451,79.8,80.7,40.7,0.218,12.1,11.0,6.6,71.8
9.5,0.457,12.6,0.504,101.8,12.6,15.8,5.1,16.5,21.6,107.2,0.444,78.3,78.4,41.3,0.251,12.8,9.4,7.2,77.1
11.2,0.438,13.7,0.465,109.1,14.4,19.2,5.9,20.8,26.6,101.2,0.467,78.6,81.3,40.1,0.167,12.8,9.8,4.3,73.1
11.2,0.443,14.4,0.482,110.0,14.7,19.4,6.7,16.9,23.2,100.5,0.468,77.3,79.0,37.6,0.217,13.6,9.1,6.0,71.9
12.1,0.504,14.4,0.545,111.6,15.7,19.9,7.6,20.4,27.5,113.6,0.467,81.6,85.7,41.7,0.216,12.8,11.0,6.7,71.7
14.2,0.458,12.9,0.497,113.3,14.6,22.3,7.1,23.1,29.2,109.5,0.468,86.0,88.7,42.0,0.209,12.9,11.6,6.7,68.1
11.7,0.474,12.3,0.513,104.7,13.5,17.7,7.1,19.6,25.5,112.8,0.447,85.1,83.2,43.9,0.217,14.2,12.4,6.7,73.0
11.6,0.445,12.9,0.503,110.8,14.3,18.5,7.0,18.2,23.2,108.1,0.48,86.5,85.9,42.1,0.322,13.0,11.1,10.0,72.7
11.1,0.455,13.1,0.501,109.2,14.5,22.6,6.9,18.6,23.0,108.1,0.458,86.3,83.7,43.7,0.244,12.7,11.3,8.0,74.5
12.1,0.47,14.2,0.512,106.8,15.3,21.2,7.3,23.1,30.3,110.4,0.44,79.4,82.2,41.6,0.227,14.1,11.0,6.7,71.7
11.1,0.475,13.6,0.504,107.3,14.8,20.8,6.5,22.1,28.7,110.1,0.464,80.8,79.4,41.0,0.169,15.0,11.5,4.8,72.7
12.4,0.457,13.3,0.493,108.7,14.5,19.9,5.9,19.9,25.0,108.4,0.458,83.5,83.7,42.1,0.189,13.1,11.8,6.0,70.9
10.8,0.462,12.1,0.504,108.4,12.7,18.6,6.3,18.5,22.6,110.5,0.455,82.6,82.3,42.7,0.241,12.3,11.1,7.0,74.6
10.5,0.457,13.4,0.52,101.9,13.9,17.3,5.4,19.6,27.5,109.2,0.433,78.2,82.7,43.3,0.335,12.3,10.0,10.0,75.9
10.2,0.486,15.0,0.528,102.3,15.6,19.8,6.2,19.4,25.3,110.5,0.431,77.2,78.3,42.1,0.214,14.0,10.6,6.6,75.6
12.4,0.447,14.3,0.491,114.7,15.4,22.2,7.1,20.5,25.7,105.5,0.483,81.5,82.8,39.1,0.238,13.0,10.2,7.1,69.9
10.7,0.468,12.5,0.519,102.4,12.7,17.8,5.9,18.6,24.5,112.4,0.431,78.7,78.6,42.2,0.259,13.5,10.8,8.0,74.6
9.6,0.465,12.5,0.511,107.8,12.9,17.4,5.9,18.5,24.2,113.9,0.46,79.2,76.9,41.7,0.239,13.2,12.9,7.3,75.0
10.1,0.445,13.1,0.483,107.9,14.1,23.9,6.9,19.7,25.2,106.7,0.458,82.4,76.0,40.7,0.208,15.6,11.9,6.2,74.0
10.9,0.458,12.8,0.494,110.0,13.4,16.8,7.7,18.7,22.7,107.0,0.465,81.4,83.3,40.4,0.193,12.6,9.8,5.8,73.7
10.6,0.453,13.6,0.501,104.0,14.1,15.8,5.7,18.7,23.2,108.4,0.444,79.6,82.1,43.0,0.254,11.9,10.5,7.6,75.3
10.9,0.457,12.1,0.5,107.6,12.5,19.6,7.2,17.2,22.8,107.8,0.455,81.0,78.2,39.5,0.245,14.5,10.1,7.1,72.9
11.6,0.458,12.5,0.504,107.6,12.8,16.9,6.4,18.7,25.4,109.3,0.454,78.7,80.6,40.0,0.253,13.2,10.6,7.3,71.6
10.6,0.448,12.7,0.497,111.0,13.1,21.2,7.3,18.8,24.1,108.3,0.462,79.7,77.9,39.8,0.265,13.0,10.4,8.0,73.5
9.9,0.441,13.3,0.481,111.4,14.2,20.3,6.5,18.3,23.9,106.1,0.474,82.5,80.0,41.7,0.227,12.0,11.9,6.6,75.0
11.4,0.459,13.4,0.485,107.8,14.1,17.1,7.1,20.1,27.0,107.9,0.462,79.7,79.1,41.2,0.164,14.9,12.7,4.2,71.4
10.8,0.447,14.8,0.471,109.4,16.2,17.9,6.4,19.8,25.2,102.9,0.475,81.9,82.9,42.6,0.141,13.0,12.2,4.0,73.9
9.1,0.466,11.7,0.513,104.3,11.7,15.3,5.5,15.2,20.0,108.5,0.453,79.7,80.1,41.0,0.248,11.7,8.9,7.6,78.0
11.4,0.45,13.2,0.48,113.6,14.0,18.1,8.2,18.2,23.8,105.4,0.482,81.2,80.1,40.1,0.18,13.3,11.7,4.8,71.4
10.0,0.457,12.5,0.501,107.0,12.5,17.7,7.0,18.0,22.4,108.7,0.45,77.6,77.2,39.7,0.24,13.2,9.8,6.8,74.9
11.7,0.441,14.0,0.481,111.7,14.9,18.9,6.5,16.5,22.4,102.3,0.473,81.7,83.0,39.8,0.226,12.4,10.9,6.5,71.2
10.5,0.454,11.7,0.483,108.0,11.9,19.3,5.3,16.9,22.5,107.4,0.451,80.0,77.8,41.4,0.165,11.7,11.6,4.6,74.0
10.3,0.454,14.8,0.486,109.5,15.3,19.2,6.5,19.1,25.3,103.5,0.473,77.0,77.8,38.8,0.175,14.1,10.3,4.9,73.5
10.7,0.455,15.1,0.494,106.1,15.6,17.8,6.8,17.7,24.0,104.7,0.454,76.8,77.4,39.7,0.213,14.4,10.8,6.0,73.0
13.2,0.492,13.6,0.546,110.2,14.8,19.6,6.8,19.9,25.8,115.3,0.452,82.8,87.4,43.0,0.261,11.6,11.1,8.9,70.8
13.4,0.469,13.1,0.514,111.7,14.7,22.3,6.9,19.9,25.4,108.1,0.485,86.5,85.8,38.4,0.238,15.1,9.2,7.7,68.5
11.6,0.468,12.7,0.509,107.5,13.9,20.7,6.4,23.6,30.6,111.8,0.456,81.4,82.5,41.4,0.227,13.8,10.8,6.6,72.4
10.2,0.491,14.2,0.524,105.0,15.2,21.2,6.7,20.2,27.2,110.7,0.449,80.2,78.9,42.2,0.184,14.2,10.6,5.4,75.6
11.4,0.482,12.7,0.521,113.2,13.4,20.5,7.4,19.7,25.8,111.3,0.468,80.9,83.2,40.4,0.211,11.8,9.8,6.3,72.9
9.8,0.47,13.6,0.536,103.3,14.1,16.8,6.4,19.2,26.5,111.4,0.438,78.0,82.2,43.2,0.35,12.2,9.9,10.3,77.4
11.1,0.469,13.7,0.494,109.9,15.2,17.1,7.0,19.7,26.9,108.3,0.478,83.8,83.5,43.5,0.148,13.2,13.0,4.2,73.3
10.7,0.447,13.2,0.494,108.0,14.5,17.9,6.0,19.0,24.7,107.6,0.475,84.4,83.0,42.0,0.265,13.6,11.8,7.9,73.8
9.7,0.485,13.4,0.532,104.1,13.9,17.6,6.4,19.1,26.6,111.2,0.442,77.9,80.9,42.5,0.248,12.3,9.6,7.3,77.2
11.7,0.455,13.0,0.509,111.6,14.0,17.4,6.7,16.8,21.5,107.6,0.486,83.9,84.2,40.4,0.312,13.3,10.2,9.1,72.1
11.2,0.464,12.3,0.506,106.3,12.9,17.1,6.4,18.6,22.8,109.2,0.457,82.4,83.0,41.7,0.222,13.6,10.2,6.8,73.7
11.1,0.457,12.4,0.496,103.7,13.4,16.2,6.3,18.5,24.2,108.8,0.446,83.8,83.4,44.3,0.227,13.2,11.9,6.5,74.4
11.2,0.468,11.4,0.506,106.7,12.0,16.8,5.9,17.7,23.3,111.9,0.46,82.9,80.8,41.7,0.214,13.2,11.8,6.4,72.7
11.4,0.462,13.9,0.494,104.6,15.0,18.8,5.9,21.7,27.0,108.3,0.448,80.8,81.9,43.5,0.185,14.0,11.7,5.1,73.6
9.9,0.473,12.9,0.515,104.5,13.6,17.5,5.0,17.8,24.0,110.0,0.452,81.2,81.6,42.8,0.232,12.1,10.8,6.8,76.3
11.8,0.443,13.8,0.491,106.8,15.0,21.6,6.2,19.1,24.6,103.7,0.453,83.2,83.8,41.5,0.278,13.4,9.6,8.0,73.0
10.6,0.464,12.7,0.506,110.1,13.5,16.9,6.6,15.8,20.3,107.4,0.483,83.4,82.1,40.3,0.23,13.5,10.4,7.0,73.8
11.1,0.456,13.6,0.491,109.9,15.0,20.3,6.1,17.4,24.0,105.3,0.469,84.1,83.3,42.6,0.201,12.6,11.9,5.9,73.5
10.6,0.483,14.5,0.522,103.8,14.9,19.6,5.7,19.0,25.5,107.7,0.451,76.8,77.9,38.6,0.228,14.9,8.7,6.1,73.8
11.2,0.449,14.6,0.478,111.6,16.3,18.7,7.5,17.5,23.5,101.7,0.48,84.4,84.9,42.9,0.171,13.0,11.7,4.9,73.6
9.8,0.461,12.1,0.499,107.1,12.3,17.0,5.9,19.6,24.8,110.8,0.464,78.7,77.5,40.2,0.215,13.3,11.1,6.0,74.8
9.6,0.436,12.3,0.482,103.1,13.2,20.6,5.3,15.4,20.4,104.9,0.451,85.3,77.6,43.0,0.259,14.6,11.8,7.9,76.4
10.8,0.46,13.7,0.496,110.3,14.5,18.5,7.4,16.7,22.0,106.1,0.472,81.8,80.2,41.0,0.206,13.8,11.5,5.8,73.2
11.2,0.451,13.3,0.477,105.3,14.3,17.8,7.1,18.0,23.9,103.5,0.442,83.2,84.0,44.5,0.156,12.3,11.4,4.3,74.8
10.4,0.458,12.8,0.496,104.1,13.2,19.2,6.4,17.7,23.5,106.6,0.439,79.5,78.1,41.8,0.219,13.9,10.7,6.0,74.9
11.4,0.449,13.9,0.481,109.4,14.9,19.4,6.4,17.6,23.1,104.2,0.463,81.7,81.3,41.8,0.183,12.8,11.8,5.3,72.4
10.7,0.455,14.8,0.491,110.1,15.7,17.7,6.5,16.6,22.8,103.3,0.47,80.5,82.8,41.8,0.221,12.2,11.3,5.9,74.0
10.6,0.453,15.1,0.49,102.8,15.7,15.5,7.0,20.0,26.6,104.4,0.448,76.9,79.7,40.8,0.211,14.7,10.5,5.6,74.2
9.9,0.445,12.8,0.474,111.4,13.4,19.9,6.9,17.7,24.4,105.6,0.48,80.5,75.3,40.2,0.18,14.2,12.8,4.6,73.4
11.3,0.429,13.7,0.458,110.5,14.4,18.4,5.7,19.2,24.6,100.6,0.481,79.9,80.4,39.7,0.181,13.3,10.9,4.6,71.8
10.5,0.476,13.1,0.526,107.3,14.1,18.8,7.0,22.7,29.6,112.3,0.459,80.6,83.9,42.0,0.258,12.7,9.6,8.1,75.4
11.8,0.457,12.6,0.513,110.1,13.7,20.1,6.5,20.6,25.5,110.9,0.472,83.7,83.8,40.5,0.303,13.8,10.3,9.3,71.9
11.6,0.454,12.3,0.503,109.0,13.5,18.6,5.5,20.3,25.4,111.3,0.468,85.1,85.1,42.8,0.264,12.6,11.7,8.3,72.7
12.0,0.47,13.2,0.522,110.4,14.3,18.1,7.1,18.0,23.6,109.5,0.472,83.5,85.6,40.2,0.271,13.1,10.0,8.5,71.6
11.4,0.464,13.1,0.501,107.2,14.1,19.0,5.9,24.1,29.3,111.2,0.458,80.6,83.2,42.8,0.212,12.9,11.0,5.9,73.6
10.8,0.475,12.8,0.527,105.6,13.4,15.9,5.8,18.5,24.2,111.8,0.456,80.8,83.7,41.9,0.261,12.6,10.1,8.4,74.6
12.8,0.461,13.3,0.51,110.7,14.6,21.4,6.9,15.7,20.7,108.2,0.467,85.9,82.8,40.5,0.248,14.5,11.6,8.4,69.3
10.5,0.481,13.5,0.524,103.5,13.9,18.0,6.7,21.5,27.9,111.7,0.434,76.8,80.7,42.1,0.235,12.6,9.6,6.7,75.5
12.2,0.463,12.3,0.502,104.3,13.1,15.2,6.8,18.8,24.1,111.0,0.437,82.4,84.0,44.0,0.22,12.8,12.1,6.4,72.3
11.1,0.441,15.1,0.483,111.1,17.0,21.1,7.8,18.5,24.1,104.2,0.468,85.5,84.2,44.4,0.223,13.1,13.2,7.2,73.7
10.7,0.475,13.6,0.525,105.0,14.0,16.7,6.2,17.5,22.6,109.7,0.45,78.8,81.2,41.4,0.274,13.0,9.5,7.9,74.8
11.0,0.471,13.0,0.493,105.1,14.0,18.1,7.2,18.1,24.2,107.6,0.457,82.9,79.1,41.0,0.136,15.7,11.8,3.8,72.5
11.4,0.442,14.1,0.486,106.0,15.4,19.7,6.2,19.4,24.8,104.8,0.449,82.8,83.4,43.5,0.244,12.8,11.1,7.1,74.1
11.3,0.465,13.5,0.498,110.1,14.3,21.7,7.2,19.4,25.1,108.1,0.459,80.4,78.8,39.5,0.191,13.8,11.0,5.3,71.7
10.6,0.449,14.4,0.48,109.0,16.1,19.4,5.9,17.7,24.2,103.5,0.478,85.1,83.2,43.9,0.183,13.5,13.1,5.2,74.4
9.8,0.461,14.3,0.521,102.0,14.9,17.6,6.3,17.7,25.6,107.9,0.436,78.2,80.1,43.2,0.328,13.3,10.5,9.4,76.9
11.1,0.465,13.7,0.491,112.9,14.7,20.4,6.6,18.2,24.1,106.1,0.482,82.4,81.3,40.3,0.162,13.0,11.7,4.2,72.0
10.7,0.461,12.3,0.494,105.0,13.0,18.7,5.7,17.4,22.6,106.6,0.451,82.6,81.0,41.8,0.184,13.5,10.4,5.4,74.5
11.1,0.457,15.1,0.496,108.7,16.4,20.4,7.1,18.9,26.7,105.3,0.455,80.4,81.6,42.1,0.23,12.8,11.6,6.3,73.2
10.1,0.462,13.5,0.501,100.3,14.2,17.7,5.2,18.2,24.5,108.3,0.43,80.3,79.5,44.2,0.215,13.6,11.8,6.2,76.2
12.1,0.443,13.9,0.471,110.2,15.3,20.4,6.8,18.2,24.4,102.4,0.471,84.0,82.2,41.3,0.172,14.4,12.4,4.8,70.5
10.6,0.46,12.5,0.495,111.7,13.0,18.3,6.4,16.7,22.6,107.7,0.486,81.1,78.1,38.6,0.189,13.8,11.4,5.8,72.1
10.5,0.486,14.5,0.519,100.3,14.6,18.2,5.4,17.8,23.1,106.2,0.434,75.8,77.7,38.8,0.18,14.8,7.8,5.0,74.7
10.6,0.447,12.6,0.486,107.1,13.0,17.5,6.5,18.0,22.4,108.8,0.467,80.5,75.8,39.3,0.228,15.4,12.1,6.3,72.0
10.9,0.434,13.4,0.472,111.8,14.2,17.5,8.1,18.9,25.3,102.2,0.475,81.1,83.0,40.3,0.224,12.7,10.4,6.2,73.3
10.2,0.462,13.5,0.501,107.0,13.6,16.8,5.6,16.4,21.1,106.1,0.46,78.4,79.7,39.3,0.222,12.3,9.3,6.1,74.6
9.4,0.459,12.8,0.493,105.2,13.0,17.0,6.8,17.7,23.1,106.2,0.457,78.2,76.9,40.1,0.192,14.4,10.0,5.4,76.2
10.4,0.44,13.4,0.474,109.9,14.0,19.4,6.2,17.4,22.9,103.1,0.465,81.0,80.5,40.8,0.201,11.8,11.1,5.6,74.2
9.8,0.451,14.1,0.482,107.8,14.5,18.2,7.0,18.4,24.4,103.4,0.455,77.6,79.2,40.1,0.189,12.9,10.3,4.8,75.2
10.2,0.43,13.0,0.467,102.5,13.5,18.3,5.3,17.4,22.9,101.6,0.447,79.8,77.3,40.8,0.216,14.7,10.5,5.9,74.8
11.1,0.476,14.1,0.516,106.2,15.4,15.6,8.7,19.6,26.7,109.2,0.456,81.9,84.4,43.1,0.243,14.3,11.2,6.6,74.3
10.3,0.478,12.8,0.528,103.2,13.6,14.1,6.2,16.2,21.6,110.9,0.452,82.8,84.2,43.0,0.257,12.9,10.3,8.4,76.0
12.7,0.471,15.3,0.516,103.2,16.3,17.7,6.4,21.3,26.4,109.8,0.427,79.2,85.3,43.7,0.252,13.0,11.0,7.2,72.1
11.0,0.456,13.0,0.481,106.1,14.2,19.7,6.5,19.1,25.3,106.8,0.453,83.8,80.5,44.2,0.153,13.8,13.0,4.1,73.8
12.3,0.443,12.9,0.481,105.2,14.1,17.9,6.6,16.6,21.4,105.5,0.449,85.6,82.6,42.5,0.224,14.6,12.4,6.6,70.9
12.3,0.436,13.0,0.472,109.8,14.4,16.9,6.7,17.1,23.2,103.8,0.476,86.5,85.0,42.9,0.228,13.9,13.4,6.2,70.5
11.0,0.469,14.5,0.505,100.2,15.2,16.0,7.3,18.8,24.2,106.6,0.434,79.0,79.8,41.6,0.198,15.8,10.4,5.6,73.9
12.2,0.458,13.3,0.499,106.5,14.1,16.7,6.0,16.0,21.2,106.2,0.455,82.5,83.5,41.7,0.238,13.1,10.9,6.7,71.7
11.0,0.449,13.5,0.492,105.2,14.5,17.3,5.6,15.4,19.7,105.5,0.456,84.0,82.2,42.2,0.24,13.8,11.7,7.2,73.4
11.7,0.433,14.0,0.477,106.6,15.2,16.0,6.2,19.4,25.2,104.3,0.455,82.3,85.7,43.7,0.262,12.2,12.1,7.2,73.0
13.2,0.457,13.3,0.505,109.1,13.9,19.5,7.1,14.4,18.7,105.4,0.453,82.5,82.3,39.2,0.248,13.6,9.7,7.9,69.1
10.9,0.443,14.9,0.492,101.0,16.0,17.7,6.7,18.3,24.8,104.4,0.442,80.8,79.4,41.7,0.288,15.9,11.3,7.8,73.7
12.0,0.438,13.1,0.474,103.1,14.0,17.9,6.7,20.4,26.1,106.7,0.435,81.4,80.4,43.9,0.198,14.1,12.5,5.9,72.3
10.8,0.455,12.7,0.502,105.7,13.3,19.0,7.0,15.8,23.3,108.5,0.447,81.3,77.2,41.6,0.269,14.2,12.1,7.8,73.2
11.5,0.457,14.2,0.491,104.4,15.1,13.7,6.7,18.2,24.1,106.0,0.437,80.6,86.4,46.2,0.209,10.7,12.1,5.5,74.8
11.1,0.443,13.4,0.488,106.4,14.2,16.1,6.7,17.2,21.6,105.7,0.463,82.1,81.0,40.7,0.255,14.1,11.1,7.2,72.8
10.8,0.454,13.4,0.5,101.2,14.0,15.1,5.9,15.5,21.0,104.9,0.444,81.0,81.3,41.2,0.249,14.4,9.9,7.5,74.4
11.4,0.452,13.2,0.49,98.3,14.0,14.3,4.6,15.2,21.1,107.4,0.421,82.8,82.1,46.7,0.205,12.8,13.9,6.3,74.3
11.0,0.443,13.4,0.489,102.3,14.0,16.5,7.2,15.6,20.2,103.3,0.435,82.0,81.7,42.8,0.271,13.9,10.1,7.5,74.8
11.0,0.447,13.6,0.473,101.8,14.5,17.6,6.3,17.3,22.8,104.0,0.444,82.2,77.8,42.0,0.157,16.3,12.6,4.2,72.7
10.1,0.441,14.5,0.506,104.1,14.9,15.2,6.3,15.1,22.8,105.0,0.449,78.2,80.1,42.5,0.346,12.9,11.2,10.2,75.5
12.3,0.441,14.2,0.472,106.2,15.3,18.6,6.5,15.3,21.0,101.0,0.453,83.0,81.1,41.7,0.196,14.2,11.7,5.2,70.9
10.7,0.448,10.9,0.48,99.2,11.2,15.4,5.4,13.5,18.2,103.9,0.427,83.6,80.3,43.2,0.175,13.5,10.7,5.3,75.2
11.8,0.425,14.3,0.473,109.6,15.1,16.8,6.5,16.9,21.7,102.9,0.472,80.6,80.2,40.3,0.278,13.7,11.9,7.7,70.7
11.4,0.422,14.3,0.463,108.9,15.4,16.6,6.8,17.8,24.9,101.1,0.467,81.2,82.3,42.3,0.238,13.1,12.7,6.7,72.2
11.8,0.46,14.7,0.496,98.2,14.8,17.2,5.2,15.4,19.8,101.0,0.419,77.1,79.7,38.8,0.194,14.9,7.7,5.5,72.4
10.7,0.438,15.0,0.468,106.3,15.7,17.6,6.0,16.6,22.1,101.0,0.462,79.3,78.0,40.3,0.175,14.2,11.7,4.8,72.8
10.3,0.44,14.8,0.475,104.5,15.2,20.2,6.1,16.4,21.4,100.8,0.435,78.1,77.7,42.0,0.209,12.8,10.6,5.5,75.4
11.1,0.451,15.2,0.476,105.1,15.5,17.1,6.4,16.0,21.2,100.9,0.444,77.3,78.6,41.1,0.152,13.5,11.0,3.9,73.1
11.8,0.414,13.9,0.439,110.4,14.5,16.9,6.2,16.5,22.2,95.2,0.475,80.2,82.0,39.0,0.169,12.8,10.3,4.0,70.9
12.4,0.478,13.6,0.515,105.1,15.3,16.6,8.4,18.4,26.2,110.4,0.444,85.2,85.7,45.0,0.217,14.3,13.3,6.4,71.8
10.7,0.461,14.9,0.525,106.1,16.4,16.8,8.1,19.2,25.5,109.7,0.454,82.7,85.5,43.4,0.349,13.5,11.1,10.6,75.2
12.0,0.481,14.4,0.527,102.6,15.3,16.7,7.4,22.2,26.8,112.4,0.425,79.3,85.0,43.6,0.244,13.5,10.4,7.3,73.4
11.1,0.481,14.0,0.531,101.6,14.7,15.2,6.3,16.6,21.0,108.3,0.442,81.4,84.9,41.3,0.264,13.7,8.1,8.1,74.9
11.2,0.496,13.7,0.552,103.7,13.9,16.2,7.6,17.4,23.0,112.3,0.44,77.4,80.9,38.6,0.285,14.8,8.2,8.7,73.0
11.5,0.458,13.9,0.512,106.6,15.0,14.2,7.5,19.3,27.9,107.8,0.453,81.0,87.6,44.8,0.303,11.9,11.5,8.7,74.3
11.1,0.458,14.0,0.506,105.5,15.1,17.9,8.0,16.8,21.3,106.4,0.439,83.4,84.8,45.0,0.239,12.4,10.8,8.0,75.5
10.9,0.478,13.9,0.526,103.6,14.6,17.9,7.6,16.4,23.0,110.6,0.443,80.6,78.0,41.6,0.265,15.4,11.4,7.6,73.5
12.0,0.462,13.0,0.506,106.5,14.0,19.1,7.8,16.1,20.4,105.9,0.445,84.0,84.0,41.9,0.236,13.3,9.4,7.4,73.1
11.9,0.447,13.4,0.491,111.4,14.6,18.9,7.6,17.5,22.8,106.2,0.472,84.2,83.3,40.6,0.243,13.6,11.5,7.4,71.0
10.0,0.448,11.7,0.515,106.3,12.0,16.8,7.8,16.0,21.1,111.1,0.458,81.6,77.6,40.6,0.354,14.8,10.9,10.9,74.7
12.4,0.435,12.7,0.476,105.2,14.1,17.0,6.5,15.3,20.7,103.6,0.454,87.8,84.7,44.0,0.232,14.4,13.0,7.3,71.3
11.0,0.454,13.8,0.492,106.8,14.8,18.0,6.8,17.5,23.0,106.7,0.458,81.8,79.9,42.0,0.206,14.0,12.1,6.2,73.2
11.3,0.464,14.2,0.517,104.4,14.9,15.0,7.6,14.1,19.7,104.8,0.45,81.0,83.2,40.9,0.286,14.2,9.2,8.6,73.6
11.0,0.448,13.9,0.498,109.2,14.7,15.7,6.4,15.9,20.5,105.8,0.474,81.9,83.0,40.8,0.284,12.5,10.7,8.2,73.3
10.7,0.446,13.0,0.488,107.5,13.7,19.6,6.7,17.6,22.3,105.9,0.458,81.5,79.2,40.2,0.249,13.6,10.6,7.0,73.4
10.7,0.45,14.0,0.498,106.2,14.7,14.0,6.3,17.5,23.9,108.2,0.464,79.8,80.7,42.8,0.269,13.1,12.8,7.7,73.7
11.4,0.465,14.1,0.503,103.3,14.6,17.7,6.8,16.3,21.0,103.1,0.441,79.7,82.0,39.3,0.215,14.2,8.1,6.1,73.3
10.8,0.434,13.0,0.473,109.4,14.0,17.9,7.4,16.8,22.3,104.3,0.476,84.2,79.6,41.0,0.229,14.4,12.2,6.7,72.6
10.6,0.439,13.8,0.473,105.4,14.8,15.2,7.0,18.5,24.9,102.9,0.468,81.7,81.2,42.0,0.22,15.0,11.9,5.5,74.0
11.7,0.443,14.3,0.477,108.1,15.6,17.1,6.9,14.7,19.7,101.2,0.47,84.4,82.6,41.6,0.21,14.2,11.7,5.9,71.9
11.1,0.449,14.3,0.487,108.1,15.1,16.9,7.4,15.9,22.8,103.8,0.459,81.0,81.2,42.1,0.217,13.1,12.1,6.3,73.0
11.2,0.436,14.3,0.479,99.8,15.1,16.2,5.4,17.6,23.6,104.3,0.42,80.6,82.2,45.9,0.245,12.9,12.9,6.9,74.6
10.2,0.448,14.0,0.489,110.1,14.5,16.3,7.7,15.5,20.0,105.7,0.471,80.4,78.5,41.6,0.224,13.1,12.0,6.5,74.4
10.8,0.448,13.7,0.485,109.1,14.5,16.3,7.5,12.5,16.6,101.6,0.463,84.2,83.4,42.7,0.223,11.8,10.9,6.2,74.6
10.3,0.444,13.3,0.472,100.3,14.0,16.1,6.1,16.5,21.3,104.9,0.435,81.5,77.0,42.7,0.166,15.2,12.9,4.7,74.3
11.8,0.425,13.2,0.46,111.5,14.1,16.2,8.7,18.9,25.1,101.5,0.471,81.1,82.5,40.3,0.21,13.2,11.2,5.7,71.1
11.0,0.444,12.5,0.481,105.7,13.0,16.2,6.7,12.2,16.8,102.0,0.454,84.1,81.0,41.3,0.209,13.7,10.9,6.3,73.4
11.0,0.437,13.6,0.47,103.2,14.3,16.5,5.5,16.4,21.2,103.5,0.443,81.7,80.1,43.2,0.189,13.2,12.5,5.4,73.6
11.0,0.435,14.2,0.475,103.0,15.1,16.8,7.1,15.6,21.3,100.2,0.44,81.6,81.7,43.2,0.223,13.7,10.8,6.6,74.6
12.3,0.474,12.7,0.526,104.8,13.9,18.9,7.3,21.2,29.1,112.1,0.441,82.5,84.9,43.0,0.291,13.8,10.5,8.5,72.5
11.9,0.472,14.6,0.531,106.3,16.1,17.0,8.1,22.1,31.1,111.0,0.443,80.5,88.0,45.3,0.33,12.5,11.2,9.5,74.1
11.1,0.444,12.2,0.486,106.2,13.9,15.2,8.1,21.8,28.1,108.9,0.471,87.5,86.0,44.7,0.245,14.8,12.5,7.3,74.4
11.5,0.45,12.4,0.504,107.4,13.7,17.0,6.5,19.1,23.5,111.5,0.451,87.0,87.8,46.4,0.29,10.9,12.5,9.4,74.7
11.0,0.471,14.0,0.52,103.9,15.3,18.4,8.6,20.2,25.0,110.5,0.436,82.7,83.4,44.7,0.271,13.9,10.8,8.1,75.6
10.5,0.486,13.5,0.537,102.4,14.4,15.7,6.5,15.7,20.0,110.5,0.444,83.5,85.1,43.3,0.257,12.8,9.3,8.5,76.4
11.3,0.463,14.0,0.519,106.7,15.3,19.8,6.8,18.5,24.4,109.5,0.456,83.5,83.4,43.0,0.3,13.9,11.3,9.3,73.7
11.5,0.474,12.7,0.526,108.7,13.5,18.7,8.3,16.8,21.1,111.2,0.464,83.6,81.4,40.9,0.274,14.8,10.2,8.8,72.7
11.3,0.447,14.0,0.497,108.2,15.9,20.2,7.4,19.1,26.3,106.0,0.457,85.9,86.4,45.4,0.278,12.8,12.3,8.6,74.5
10.7,0.462,13.8,0.517,102.6,15.2,18.9,6.9,15.9,21.1,107.5,0.436,85.4,84.4,45.3,0.291,13.6,10.9,9.4,76.3
13.0,0.45,13.7,0.505,110.6,15.1,17.2,8.1,17.0,22.4,104.2,0.468,85.1,89.6,41.0,0.291,12.4,9.1,9.4,71.0
10.8,0.501,14.6,0.554,105.8,14.8,16.8,8.5,17.5,23.0,110.9,0.457,76.5,79.0,36.9,0.292,15.8,7.6,8.1,73.0
10.4,0.445,13.2,0.498,105.3,14.1,19.0,6.9,19.6,25.1,108.8,0.45,81.9,80.2,42.5,0.285,14.1,11.4,8.7,74.9
10.8,0.458,14.3,0.515,106.4,15.3,16.4,8.0,17.0,21.7,105.9,0.462,81.6,83.5,40.0,0.316,14.0,8.7,9.4,74.4
11.1,0.447,12.9,0.482,109.7,14.5,18.1,8.3,17.3,25.7,105.9,0.47,86.9,83.2,45.4,0.222,13.8,14.6,6.2,73.4
10.1,0.459,13.6,0.506,104.6,14.7,17.8,7.5,15.3,20.9,106.0,0.458,84.4,80.9,42.2,0.246,15.0,10.8,7.9,75.7
9.9,0.447,13.9,0.484,108.8,15.2,19.2,8.5,20.7,27.3,105.7,0.461,82.5,82.1,44.5,0.218,12.7,12.1,6.0,76.6
10.7,0.459,12.9,0.495,110.1,13.8,20.0,8.0,18.2,23.6,107.2,0.465,82.5,80.1,41.7,0.193,13.6,11.4,5.9,73.8
11.9,0.435,14.8,0.475,109.9,16.9,20.8,9.0,16.6,23.4,99.4,0.471,87.2,85.1,42.7,0.258,14.9,11.6,7.0,72.4
10.3,0.449,12.5,0.505,109.1,13.0,19.1,8.7,15.5,20.4,108.3,0.458,82.2,78.1,40.3,0.302,14.0,10.6,9.3,74.3
11.2,0.459,14.1,0.514,107.7,14.5,18.8,8.1,18.4,24.4,106.7,0.458,77.9,79.4,38.1,0.301,14.9,8.8,8.6,72.3
10.3,0.437,13.0,0.479,107.7,14.2,16.6,9.3,17.0,22.7,104.2,0.452,84.8,83.5,44.1,0.236,13.0,12.1,7.1,75.8
9.6,0.442,11.7,0.481,103.8,12.3,15.3,8.1,18.0,24.4,103.6,0.442,82.1,83.4,42.7,0.219,12.6,9.5,6.3,77.6
10.4,0.449,14.3,0.49,99.3,15.1,16.3,6.6,18.1,23.3,104.1,0.42,80.2,82.7,44.7,0.235,12.9,10.2,6.7,76.8
10.5,0.445,13.9,0.487,107.4,14.9,17.7,8.0,15.9,20.9,101.7,0.456,82.7,83.7,42.0,0.235,13.0,9.7,6.9,75.5
10.6,0.435,14.2,0.477,107.7,15.4,18.5,6.6,16.2,20.8,102.9,0.465,83.9,81.4,42.5,0.251,13.4,12.0,7.0,74.2
9.9,0.464,13.1,0.494,104.6,13.7,15.8,7.5,15.1,20.3,106.3,0.45,82.0,79.3,42.4,0.171,13.8,11.6,4.9,75.7
11.7,0.438,14.1,0.479,111.8,15.1,18.4,8.5,16.8,22.5,103.0,0.468,82.2,82.0,41.1,0.231,13.2,11.8,6.7,71.4
10.3,0.444,13.9,0.484,111.3,14.6,18.3,7.3,16.4,22.0,103.5,0.473,81.1,81.0,41.2,0.237,12.1,11.0,6.6,74.5
10.7,0.432,14.2,0.471,100.5,14.9,15.3,6.6,18.1,23.3,102.5,0.43,80.2,81.2,44.1,0.222,13.7,11.4,6.2,75.4
11.7,0.478,13.1,0.54,101.4,14.5,18.7,7.2,16.0,20.8,111.6,0.428,87.0,86.4,44.7,0.311,14.3,10.4,10.8,74.5
10.6,0.473,11.6,0.533,105.5,12.3,19.0,8.3,17.9,25.2,112.4,0.442,83.3,82.3,42.6,0.322,13.2,9.6,10.1,75.7
12.3,0.463,11.9,0.515,106.4,13.0,17.3,9.0,16.9,22.5,109.5,0.45,85.8,84.5,42.3,0.296,14.7,10.5,8.9,72.2
11.2,0.447,13.1,0.492,105.5,14.7,18.2,8.3,18.6,24.6,107.8,0.44,86.8,85.5,47.5,0.262,12.4,12.8,7.7,75.6
11.2,0.455,12.0,0.508,107.7,12.9,17.2,7.7,19.3,24.6,111.0,0.459,83.3,82.8,41.5,0.302,13.4,10.7,8.9,73.3
11.9,0.444,15.0,0.512,103.4,16.7,17.7,7.4,18.6,26.0,107.0,0.443,83.3,85.2,43.7,0.392,14.6,11.7,11.4,72.9
9.9,0.468,13.1,0.517,102.0,14.0,15.9,6.8,16.7,21.4,108.5,0.444,83.6,83.7,43.6,0.269,13.3,9.8,8.3,77.3
10.8,0.458,13.4,0.52,106.3,14.3,14.8,7.7,17.7,23.6,111.1,0.456,82.2,83.5,43.0,0.334,12.6,11.1,10.1,74.7
11.0,0.45,12.6,0.508,103.7,13.6,15.8,6.4,15.5,19.4,108.2,0.439,86.0,86.9,45.9,0.316,11.3,10.7,9.8,76.2
11.6,0.466,13.5,0.527,103.1,14.2,15.4,8.8,16.5,21.2,108.9,0.439,81.7,83.1,40.6,0.321,14.9,8.7,10.0,73.4
11.6,0.452,13.7,0.501,106.2,15.1,18.8,7.7,16.4,21.5,105.3,0.452,85.8,85.0,43.2,0.291,14.0,10.9,8.5,73.5
11.0,0.433,12.7,0.479,108.2,14.2,20.1,7.7,17.8,24.3,104.5,0.458,87.3,84.3,44.7,0.284,13.0,12.3,8.0,74.7
10.9,0.443,12.5,0.489,104.5,13.8,17.6,7.4,15.4,20.5,104.7,0.45,87.9,84.7,43.8,0.28,13.7,11.1,8.0,75.0
11.0,0.455,14.8,0.49,109.2,16.3,17.3,8.8,22.3,29.3,105.3,0.456,80.7,86.5,44.2,0.204,11.8,10.9,5.6,75.2
11.7,0.442,12.9,0.489,104.3,14.0,15.7,6.6,19.7,25.2,107.5,0.435,82.9,86.7,45.7,0.269,11.3,11.7,7.9,74.4
10.6,0.457,12.5,0.501,107.3,13.3,16.2,6.5,16.4,21.8,108.2,0.456,82.9,83.1,43.5,0.233,11.7,11.5,7.1,75.1
10.0,0.462,14.0,0.499,103.0,15.0,17.5,8.0,15.9,21.4,103.7,0.433,82.8,83.5,44.7,0.203,12.9,10.5,6.1,77.3
10.0,0.435,12.1,0.473,110.6,13.2,19.2,8.5,17.5,23.6,103.4,0.466,85.6,83.1,43.9,0.22,12.1,11.6,6.5,76.3
10.7,0.432,12.3,0.482,106.4,13.4,16.0,7.7,15.8,22.4,105.3,0.456,85.8,83.1,44.9,0.29,13.2,12.8,8.6,75.0
10.5,0.458,12.6,0.489,102.2,13.3,14.9,8.1,17.6,22.8,105.7,0.442,82.5,81.5,42.6,0.184,14.5,10.4,5.2,75.3
11.4,0.451,13.0,0.491,107.4,13.8,15.6,8.5,16.6,22.2,104.4,0.456,83.0,84.3,42.4,0.24,12.9,10.3,6.6,73.7
11.6,0.438,13.7,0.468,112.2,15.0,15.8,8.5,20.0,25.7,102.9,0.487,83.2,84.5,40.9,0.179,13.9,11.6,5.0,71.6
11.4,0.459,15.5,0.499,102.2,16.7,18.0,8.2,16.0,21.1,102.7,0.437,82.0,81.5,42.1,0.223,15.9,10.7,6.6,73.3
9.8,0.439,13.1,0.484,103.2,14.0,17.9,7.2,16.7,22.2,103.5,0.435,83.2,82.7,44.9,0.255,12.0,10.4,7.5,77.9
10.1,0.453,14.0,0.494,107.7,14.9,17.2,8.3,13.9,19.1,101.6,0.463,82.8,82.0,41.8,0.235,13.6,10.0,6.8,76.0
9.9,0.447,14.6,0.494,104.9,15.3,16.0,7.4,17.0,23.5,105.1,0.446,79.2,80.3,44.0,0.274,12.8,12.0,7.4,76.3
10.9,0.456,14.5,0.5,106.7,14.8,17.0,8.1,17.5,23.7,103.9,0.454,77.2,79.5,39.1,0.262,14.2,9.1,6.8,73.4
8.9,0.42,11.2,0.456,103.5,11.9,15.8,7.9,17.0,22.8,100.1,0.44,84.5,83.7,44.1,0.226,12.0,10.0,6.1,79.3
11.5,0.408,16.0,0.459,104.8,17.7,18.7,8.0,16.1,23.8,95.5,0.449,82.6,82.7,42.9,0.319,15.2,11.9,8.4,73.0
11.0,0.428,14.0,0.47,110.0,14.7,18.8,8.5,14.8,19.2,99.9,0.46,82.0,80.4,40.4,0.24,13.3,10.6,6.8,73.1
11.4,0.487,13.5,0.563,103.8,15.2,18.6,7.8,16.7,21.8,114.5,0.435,87.3,89.4,46.2,0.362,12.6,10.0,13.1,76.0
11.3,0.476,14.0,0.524,105.6,15.9,18.0,8.1,19.7,25.2,113.1,0.438,86.4,87.7,48.6,0.275,11.7,13.1,8.3,76.0
11.3,0.464,14.2,0.51,108.4,16.2,17.7,10.2,18.5,25.5,106.0,0.462,86.4,87.7,44.2,0.26,14.0,10.6,8.0,74.9
11.8,0.452,14.2,0.516,108.1,15.9,18.6,9.7,20.4,29.4,108.3,0.459,83.5,85.1,43.1,0.37,14.8,11.3,10.7,72.8
11.4,0.439,12.1,0.488,103.6,13.7,19.7,7.8,18.5,23.5,106.8,0.441,89.2,85.0,44.9,0.293,14.6,11.6,8.7,74.6
10.6,0.45,13.2,0.511,108.0,14.6,19.0,8.5,17.4,23.0,108.8,0.453,85.9,84.7,45.5,0.332,12.1,11.6,10.5,76.2
11.8,0.465,12.1,0.524,103.8,13.0,18.8,7.9,18.2,26.2,108.3,0.434,82.4,84.7,42.0,0.324,13.8,8.8,9.7,73.8
9.3,0.46,12.7,0.524,104.5,13.6,16.8,7.9,16.3,21.7,110.9,0.448,84.0,82.1,44.5,0.352,12.6,10.6,10.7,78.5
9.4,0.46,13.1,0.511,105.8,14.5,18.3,9.0,16.5,22.5,105.3,0.462,85.8,83.8,41.8,0.282,14.6,9.1,8.6,77.7
9.1,0.484,12.4,0.526,99.0,13.1,14.9,6.6,16.4,20.4,110.3,0.436,82.9,81.8,43.9,0.223,14.1,9.4,7.0,79.1
8.9,0.439,11.7,0.502,104.3,12.5,16.3,8.9,18.7,23.7,107.2,0.444,84.4,85.0,43.9,0.348,12.5,9.0,10.6,79.8
11.5,0.458,13.8,0.516,101.4,15.0,16.7,8.3,15.6,20.0,105.1,0.432,84.4,86.1,42.1,0.336,14.4,8.3,9.9,74.6
9.5,0.451,12.3,0.504,105.2,13.1,16.5,8.7,20.8,26.7,110.0,0.444,81.3,82.1,43.4,0.287,12.7,10.2,8.6,77.7
8.9,0.448,12.3,0.498,109.5,13.4,18.8,9.2,17.3,22.2,105.6,0.468,85.9,83.9,42.6,0.277,12.7,9.5,8.6,78.8
10.7,0.464,13.9,0.498,110.1,15.0,17.0,9.0,21.4,27.0,106.5,0.471,81.3,84.9,41.6,0.202,13.6,10.0,5.5,74.7
10.6,0.444,12.0,0.502,107.0,12.8,16.9,9.1,17.7,22.3,106.7,0.451,84.1,85.0,43.1,0.339,12.8,9.2,9.8,76.2
10.7,0.45,13.5,0.497,102.9,14.9,17.4,8.3,17.4,22.8,104.6,0.44,85.2,84.9,44.2,0.27,14.3,10.3,8.1,76.0
10.1,0.455,12.8,0.5,106.8,14.1,17.9,8.9,15.2,20.1,105.1,0.46,86.8,83.5,43.3,0.255,13.8,10.3,7.8,76.5
8.8,0.439,12.2,0.491,105.5,13.5,16.5,7.3,17.1,25.5,106.1,0.461,86.4,84.2,46.3,0.303,12.5,12.5,9.0,79.3
9.7,0.442,13.2,0.489,108.9,14.7,18.2,9.2,18.5,24.1,105.6,0.461,85.4,84.2,44.6,0.277,12.6,11.5,8.0,77.3
11.8,0.441,12.6,0.487,106.5,13.9,16.3,7.9,16.5,21.0,105.0,0.441,87.4,89.4,46.3,0.244,10.7,11.1,7.9,74.9
9.9,0.435,15.2,0.487,109.0,17.2,19.9,9.4,17.5,23.2,102.2,0.467,85.6,83.8,44.8,0.302,13.5,11.5,9.0,77.1
9.8,0.47,13.3,0.508,104.4,14.1,16.5,7.4,17.1,23.0,106.1,0.442,81.7,84.3,44.1,0.221,12.1,9.8,6.1,77.8
10.1,0.44,12.3,0.477,107.8,13.3,19.7,9.7,19.3,24.7,105.4,0.456,83.6,78.8,41.6,0.222,15.2,11.2,6.1,75.1
11.5,0.467,14.2,0.499,108.7,15.2,18.4,9.3,17.0,22.7,104.3,0.454,82.2,83.1,41.7,0.189,14.2,10.5,5.4,73.1
10.2,0.453,13.6,0.492,110.9,14.8,15.0,9.5,15.7,20.7,103.2,0.479,84.4,85.2,42.4,0.218,13.1,10.5,6.5,75.7
10.9,0.439,12.6,0.483,107.6,13.4,17.5,7.6,17.2,21.4,104.6,0.443,84.0,85.8,44.4,0.256,10.5,10.4,7.4,75.8
9.3,0.449,14.2,0.501,103.9,14.9,16.8,7.9,17.1,23.0,105.9,0.446,80.4,79.9,43.2,0.297,13.5,10.7,8.5,77.7
11.1,0.431,14.8,0.487,109.2,16.4,20.5,7.8,15.7,22.6,98.8,0.464,84.0,85.4,41.2,0.327,13.5,9.5,9.3,74.0
10.9,0.414,12.5,0.46,111.6,13.7,17.3,8.5,19.3,24.7,101.6,0.473,84.8,85.6,43.0,0.29,11.6,10.7,7.8,74.7
11.7,0.495,13.2,0.563,104.0,14.8,17.7,9.0,17.8,22.6,115.6,0.435,87.1,89.2,44.4,0.359,13.5,9.4,12.0,74.9
10.7,0.462,13.3,0.545,109.0,15.1,17.3,10.0,20.3,26.5,114.7,0.463,87.2,88.9,44.4,0.462,13.2,10.9,14.4,75.8
9.4,0.469,13.2,0.53,112.7,15.0,17.1,9.9,18.7,24.2,113.2,0.477,87.7,88.4,46.4,0.329,10.9,11.8,10.6,78.7
11.0,0.47,12.6,0.547,110.3,13.7,15.5,10.4,17.5,23.3,113.6,0.458,84.9,88.8,43.7,0.399,11.4,9.3,13.0,75.8
10.6,0.475,12.8,0.528,109.3,14.2,18.2,9.9,17.3,22.1,111.2,0.466,87.0,85.1,42.9,0.284,13.8,10.3,9.2,75.5
10.2,0.475,12.0,0.537,108.2,13.0,18.0,9.2,19.3,26.0,112.7,0.452,83.2,85.4,43.0,0.329,12.1,9.0,10.3,76.9
10.8,0.454,12.2,0.525,108.4,13.3,19.1,9.0,18.7,23.2,111.2,0.45,85.1,85.8,42.0,0.393,12.6,9.1,12.0,75.3
10.1,0.459,12.5,0.52,110.8,13.7,20.8,9.3,18.5,23.7,110.3,0.455,86.1,86.2,43.7,0.322,11.6,10.1,10.4,76.8
10.2,0.45,13.4,0.493,112.2,15.4,22.8,10.1,20.4,26.3,106.6,0.467,88.5,86.2,45.0,0.255,13.1,11.9,7.5,76.4
10.1,0.464,11.8,0.517,107.8,12.7,18.5,9.7,19.7,24.7,112.3,0.449,84.4,82.9,43.3,0.289,13.5,10.6,8.8,76.3
9.1,0.452,13.2,0.5,107.5,15.0,18.6,8.8,19.2,25.8,108.3,0.459,87.4,85.3,46.6,0.295,12.5,12.2,8.4,79.0
11.0,0.444,14.7,0.507,110.7,16.5,19.3,10.0,19.4,24.6,104.1,0.458,85.2,90.8,43.9,0.371,11.6,8.8,10.7,76.1
9.8,0.467,12.9,0.511,112.0,14.0,17.6,9.9,19.3,24.2,110.8,0.475,84.4,83.3,42.4,0.249,13.2,11.4,7.3,75.9
9.8,0.469,12.6,0.524,103.5,13.4,16.0,8.1,17.6,22.0,111.1,0.443,83.7,83.4,43.9,0.281,13.5,10.0,9.2,77.6
10.7,0.465,12.8,0.516,108.8,13.8,19.0,10.4,17.9,22.1,108.6,0.451,84.5,84.3,42.0,0.272,13.6,9.0,8.6,75.5
8.9,0.442,10.7,0.501,108.6,11.5,14.2,11.6,19.4,23.8,108.8,0.456,85.4,86.5,43.6,0.335,12.1,8.8,10.0,79.6
10.3,0.45,13.5,0.501,113.0,15.2,18.3,10.1,17.0,22.6,106.0,0.483,87.4,86.0,43.5,0.295,13.0,11.4,8.9,75.8
10.6,0.45,11.7,0.504,107.4,12.9,15.8,10.5,16.7,22.3,105.2,0.45,87.0,89.0,43.7,0.308,12.4,8.6,9.4,76.8
11.6,0.447,12.4,0.496,111.5,13.9,18.7,9.8,16.6,21.1,107.7,0.455,88.5,87.4,45.2,0.279,11.7,12.0,8.6,74.1
10.3,0.474,13.2,0.527,109.3,14.0,17.9,10.0,17.2,22.4,109.1,0.458,81.9,83.0,40.4,0.29,13.6,8.8,8.8,75.4
10.7,0.451,14.2,0.504,105.7,15.8,15.6,10.9,18.1,24.9,104.9,0.444,84.4,87.3,44.3,0.309,13.8,10.3,8.9,76.1
10.2,0.455,12.4,0.512,106.7,13.4,18.5,7.8,15.2,21.6,107.8,0.45,85.8,84.2,43.6,0.314,12.6,10.6,9.9,76.4
10.3,0.444,12.3,0.487,107.0,13.6,14.6,8.9,18.0,22.5,107.4,0.456,87.1,86.6,46.3,0.256,12.4,12.2,7.6,76.8
10.1,0.461,13.7,0.516,111.3,14.6,18.9,10.9,18.1,23.3,107.3,0.462,82.1,83.2,41.1,0.291,12.9,8.7,9.0,76.3
10.8,0.442,14.9,0.501,108.9,16.7,20.1,8.9,17.0,22.0,103.2,0.461,85.3,85.9,42.8,0.349,13.5,9.8,10.1,75.3
8.0,0.449,10.9,0.492,107.1,11.9,16.4,9.4,13.9,19.3,106.0,0.46,88.8,83.3,45.7,0.263,12.1,11.1,7.7,81.2
9.7,0.44,12.1,0.489,110.5,13.3,17.4,9.7,16.0,21.4,103.7,0.467,87.0,86.4,43.2,0.3,11.9,9.8,8.5,77.4
9.0,0.466,13.2,0.526,105.3,13.6,16.0,8.2,17.1,22.9,109.6,0.443,79.5,82.0,43.2,0.327,11.8,9.4,9.6,78.9
9.3,0.435,12.1,0.491,107.1,12.9,20.2,9.9,18.3,23.4,107.7,0.443,83.6,78.8,42.8,0.316,13.6,10.8,9.4,77.5
8.9,0.44,11.6,0.505,108.8,11.9,17.2,9.6,14.8,18.5,105.6,0.469,82.3,79.0,38.6,0.366,14.4,7.9,10.7,77.6
10.9,0.503,14.1,0.569,107.7,15.4,16.7,10.4,16.6,20.3,113.6,0.447,85.1,90.0,43.5,0.339,12.6,8.4,11.3,76.3
8.7,0.46,12.7,0.551,106.1,13.8,14.6,10.1,19.6,25.1,114.7,0.462,84.2,85.6,43.5,0.502,13.4,9.0,15.3,79.9
10.8,0.483,13.3,0.541,108.3,14.9,16.1,10.9,16.1,20.9,109.6,0.454,88.3,91.9,44.3,0.319,12.5,8.7,10.2,76.7
9.8,0.472,12.1,0.539,105.9,13.4,18.2,8.9,17.3,21.8,113.8,0.449,87.4,85.6,44.0,0.377,13.0,9.8,11.8,77.7
9.9,0.476,12.6,0.547,111.9,13.7,14.6,11.7,18.1,23.3,112.9,0.474,84.8,88.3,42.1,0.379,12.2,8.5,12.0,77.3
9.8,0.47,13.4,0.536,111.0,15.0,15.0,10.9,17.1,22.3,112.5,0.476,86.6,86.7,44.5,0.357,12.6,11.0,11.5,77.5
10.0,0.472,14.6,0.535,105.0,16.5,19.1,10.1,17.1,22.8,109.5,0.434,86.6,87.6,47.4,0.344,12.6,10.9,11.0,78.6
9.8,0.476,11.4,0.523,111.1,12.5,16.0,10.9,19.4,24.1,113.4,0.475,86.1,84.7,42.0,0.261,13.9,10.3,8.0,76.4
10.6,0.471,13.2,0.527,110.2,14.7,17.8,10.7,19.0,25.5,110.3,0.458,85.4,87.7,43.9,0.314,12.6,10.1,9.5,76.1
8.4,0.45,11.4,0.508,109.1,12.7,14.5,11.3,20.2,27.0,109.4,0.468,86.7,87.8,45.5,0.314,12.4,10.1,10.0,80.7
10.2,0.461,13.8,0.517,108.0,15.8,17.1,10.4,16.6,23.3,106.5,0.456,88.4,89.9,46.4,0.329,12.5,10.7,10.0,77.7
9.5,0.453,12.4,0.514,107.2,14.0,16.2,11.2,17.3,24.2,110.7,0.458,88.1,84.0,45.1,0.345,14.7,12.5,10.7,77.4
9.8,0.467,13.3,0.525,108.7,14.6,17.9,10.2,16.8,21.8,109.3,0.462,85.6,84.4,43.1,0.31,13.6,10.0,9.9,77.1
10.4,0.441,13.6,0.514,110.6,15.2,17.9,9.0,17.4,22.6,106.9,0.466,86.8,89.4,44.4,0.411,11.0,9.7,12.7,77.0
10.0,0.478,12.9,0.531,110.1,13.8,18.4,10.1,18.3,23.4,109.8,0.468,83.0,83.7,39.8,0.297,14.2,8.4,8.8,75.9
10.2,0.472,12.3,0.525,108.1,13.3,14.8,10.6,14.9,19.2,109.5,0.465,86.4,84.8,42.3,0.284,14.2,9.6,9.0,76.2
9.3,0.452,12.3,0.511,106.4,13.5,16.6,9.7,16.7,20.9,109.1,0.447,87.0,85.9,45.5,0.324,11.7,10.2,10.3,79.1
10.2,0.464,13.3,0.51,110.7,14.7,18.0,11.2,14.9,19.0,107.1,0.457,87.7,86.3,44.0,0.266,12.1,10.5,8.2,76.7
8.7,0.462,13.7,0.527,103.9,14.7,15.8,9.5,16.8,21.5,108.4,0.449,82.9,83.0,43.3,0.357,14.0,9.0,10.8,79.8
9.6,0.45,13.0,0.518,103.9,14.0,16.3,9.4,16.0,20.7,107.6,0.44,85.1,85.0,44.5,0.357,13.0,9.4,11.5,78.4
10.4,0.442,13.9,0.495,112.9,15.7,18.8,10.9,17.7,23.9,103.5,0.471,87.1,88.7,44.1,0.32,11.9,10.3,9.3,76.5
9.2,0.45,12.3,0.512,107.3,13.4,14.6,11.1,14.7,19.8,107.2,0.459,86.9,85.2,43.7,0.333,13.7,10.1,10.8,78.5
9.1,0.455,13.3,0.52,106.3,14.4,18.0,9.6,14.7,19.5,106.8,0.45,85.3,83.8,43.5,0.358,13.1,9.3,11.0,79.0
10.6,0.452,13.3,0.512,110.1,14.5,16.4,10.0,15.5,20.5,105.2,0.468,85.9,87.5,41.6,0.342,12.8,8.8,10.3,75.6
10.3,0.446,14.1,0.512,110.6,15.5,15.9,11.6,15.8,20.2,105.0,0.469,85.5,86.7,41.9,0.363,13.6,9.1,11.2,76.2
8.4,0.435,12.6,0.497,110.9,14.0,15.9,12.1,14.6,19.2,103.8,0.472,88.8,86.8,44.7,0.35,12.4,9.6,11.0,80.6
9.2,0.457,12.2,0.507,104.8,13.1,14.3,9.1,16.1,20.9,107.9,0.453,85.4,84.3,44.2,0.282,13.2,10.4,8.5,78.6
8.8,0.444,11.5,0.513,109.5,12.3,16.2,10.7,14.2,18.7,106.3,0.469,85.9,83.8,41.3,0.382,12.8,8.1,11.8,78.9
9.5,0.444,14.0,0.5,111.0,15.0,20.6,10.7,16.6,21.1,104.5,0.462,82.8,80.3,40.5,0.317,13.8,9.5,9.2,76.5
9.1,0.45,12.8,0.502,111.1,13.7,16.4,11.9,12.3,16.7,103.7,0.47,86.1,82.4,40.9,0.278,13.5,9.5,9.0,77.6
9.9,0.476,12.0,0.55,105.2,13.9,15.1,13.1,17.9,23.2,113.8,0.433,91.1,93.5,49.7,0.419,11.5,9.3,13.5,80.3
10.8,0.491,12.6,0.565,109.5,14.3,18.7,11.6,16.3,20.4,115.9,0.444,89.8,91.1,46.2,0.384,11.7,9.7,13.3,77.1
11.0,0.473,12.6,0.529,112.6,14.8,17.9,12.3,17.8,23.4,111.4,0.466,92.2,92.8,47.3,0.324,11.6,11.1,10.3,76.8
10.0,0.471,12.9,0.532,110.0,14.9,18.8,10.3,21.2,27.5,112.6,0.455,88.2,91.5,47.8,0.342,11.1,10.9,10.8,78.6
11.3,0.471,12.7,0.529,111.5,14.5,20.5,10.4,22.6,28.5,112.4,0.457,87.5,91.3,45.5,0.295,11.4,9.7,10.0,76.0
10.3,0.467,12.1,0.528,110.5,13.8,17.5,10.7,19.0,23.3,114.7,0.457,90.6,90.0,48.0,0.339,11.0,11.8,11.0,77.9
9.9,0.454,11.7,0.514,107.0,14.0,18.3,11.2,17.8,25.0,110.3,0.46,94.0,88.7,48.1,0.347,14.4,12.6,11.4,78.2
10.6,0.474,12.4,0.543,107.1,14.0,17.1,10.8,17.7,22.0,113.1,0.449,89.1,89.7,45.2,0.379,13.1,9.6,12.4,77.1
11.2,0.464,11.5,0.524,111.5,13.4,18.8,12.0,16.5,22.7,110.4,0.466,93.1,90.6,45.4,0.321,13.6,11.0,11.3,75.5
11.4,0.468,12.3,0.531,113.9,14.1,18.0,12.1,18.4,23.9,111.1,0.48,90.1,90.5,42.4,0.37,13.5,9.7,11.3,74.1
11.0,0.449,12.0,0.542,110.7,13.3,18.2,10.1,19.3,24.4,115.5,0.466,87.4,86.7,42.1,0.519,13.4,10.2,16.1,74.4
10.6,0.451,14.3,0.522,113.9,17.0,21.5,12.4,17.6,23.4,108.1,0.473,91.8,90.5,46.1,0.403,12.8,11.6,13.0,76.4
11.2,0.456,11.4,0.511,112.9,13.1,17.1,12.7,19.1,24.3,111.4,0.467,91.3,90.1,44.8,0.315,12.9,11.3,10.1,74.9
10.4,0.465,11.5,0.534,107.8,12.8,17.4,11.5,15.6,19.5,112.2,0.448,90.5,88.1,44.5,0.381,13.4,9.8,12.6,77.0
11.0,0.449,13.0,0.52,109.7,15.1,17.6,10.3,19.0,25.5,109.6,0.456,89.7,92.5,46.6,0.403,11.6,11.0,12.8,76.4
11.3,0.47,13.4,0.527,109.5,15.7,17.8,11.8,16.3,23.3,107.8,0.452,90.5,92.8,46.6,0.342,12.2,10.2,10.3,76.4
9.2,0.478,11.0,0.534,111.2,12.1,15.2,11.7,17.2,21.0,112.9,0.463,88.4,89.7,44.7,0.286,11.0,9.2,9.9,79.4
8.9,0.468,13.4,0.538,105.7,15.1,16.7,9.8,18.8,25.5,110.9,0.452,86.4,88.5,46.4,0.394,12.4,10.0,12.1,80.3
9.7,0.466,11.9,0.527,108.9,13.4,16.7,10.8,15.8,20.9,113.0,0.458,90.0,86.4,46.4,0.348,12.3,11.9,11.0,78.0
10.1,0.448,10.9,0.514,112.5,12.2,15.9,12.1,18.4,23.1,111.4,0.47,89.8,89.2,43.8,0.378,12.1,9.9,11.9,77.1
10.2,0.447,12.7,0.519,110.7,14.2,17.1,11.2,18.8,25.3,109.4,0.459,86.9,89.2,45.3,0.422,11.6,10.1,12.5,77.5
10.5,0.475,12.4,0.53,106.5,13.7,15.8,11.4,15.8,21.1,109.9,0.45,87.0,86.1,43.0,0.292,14.1,9.3,9.5,76.2
11.8,0.459,13.8,0.514,115.1,15.6,20.8,11.1,17.6,22.7,105.9,0.482,87.4,88.2,40.4,0.335,13.5,9.1,9.6,72.5
9.0,0.454,11.9,0.518,108.1,13.2,16.3,10.5,15.0,19.2,108.9,0.456,89.1,87.6,45.4,0.36,11.8,10.0,11.4,79.7
9.1,0.44,12.3,0.509,109.2,13.8,17.9,9.6,17.3,23.1,109.0,0.469,88.3,85.0,45.0,0.394,12.8,11.4,12.1,78.7
10.1,0.45,13.1,0.515,107.6,14.7,17.5,11.9,15.1,21.7,107.3,0.441,88.0,86.8,46.3,0.368,12.7,11.2,11.3,77.6
10.0,0.453,12.7,0.505,113.2,14.1,16.8,12.1,16.2,20.7,104.8,0.473,87.9,89.2,42.9,0.295,11.9,8.8,9.1,77.3
10.7,0.433,12.4,0.49,113.7,14.0,18.2,11.8,18.1,23.9,104.5,0.467,88.3,89.7,44.7,0.334,11.7,10.5,10.0,76.1
9.5,0.444,12.2,0.503,117.6,13.5,15.8,12.0,16.4,20.7,107.7,0.495,87.6,87.2,42.7,0.332,11.5,10.7,10.3,77.0
9.5,0.45,12.9,0.508,108.8,14.0,19.3,11.6,17.7,23.0,106.1,0.451,84.4,83.4,41.8,0.342,13.9,8.8,9.9,77.6
9.5,0.476,12.9,0.552,102.9,15.1,16.7,14.0,18.3,24.7,112.4,0.414,90.9,94.0,51.7,0.428,12.0,9.5,13.8,81.6
11.2,0.451,12.6,0.537,110.1,14.7,18.0,12.2,20.6,26.1,112.9,0.462,90.4,91.5,44.3,0.501,13.7,9.8,15.6,75.6
10.4,0.461,11.2,0.545,111.7,12.7,16.0,12.3,18.6,23.8,116.7,0.458,90.3,91.6,46.9,0.457,10.6,10.5,15.1,77.7
10.7,0.466,12.6,0.535,107.6,14.6,18.5,12.3,20.8,26.3,113.9,0.438,89.2,90.2,47.7,0.375,12.2,10.7,12.4,77.6
10.1,0.465,13.9,0.539,111.9,16.4,19.4,12.2,17.1,23.4,110.7,0.465,91.6,91.8,46.5,0.403,12.4,11.1,13.6,77.8
11.5,0.463,11.2,0.533,114.8,12.8,19.1,13.6,17.7,22.1,113.7,0.456,91.2,91.6,45.3,0.374,11.2,10.2,12.9,75.3
10.5,0.457,12.2,0.523,115.5,14.2,20.4,12.4,19.4,24.6,110.9,0.488,90.9,88.4,42.0,0.358,13.9,10.2,12.0,75.3
9.4,0.472,11.2,0.531,113.5,12.6,17.4,13.1,19.0,23.4,112.4,0.469,89.4,90.2,44.6,0.318,11.7,9.0,10.7,79.2
10.3,0.461,12.2,0.531,107.0,13.8,18.8,11.8,18.6,23.2,113.3,0.441,89.6,87.1,46.1,0.386,13.5,10.7,12.6,77.4
9.1,0.468,13.0,0.532,111.4,14.8,19.3,11.6,19.9,23.8,111.7,0.472,88.1,87.4,43.5,0.361,13.7,9.8,11.4,78.8
9.4,0.48,13.3,0.542,106.3,15.2,17.9,11.6,17.7,24.3,112.0,0.448,88.3,87.1,45.7,0.358,14.1,10.7,11.0,78.8
10.1,0.441,13.0,0.514,112.2,15.3,19.7,11.6,19.1,25.4,108.1,0.477,91.6,90.4,44.8,0.433,13.2,10.5,13.3,77.2
10.9,0.458,13.1,0.536,105.0,14.8,17.8,13.1,18.5,23.2,111.1,0.428,87.9,88.3,45.4,0.421,14.6,9.5,13.8,76.7
10.4,0.468,13.2,0.528,110.3,15.2,19.6,12.9,16.6,21.8,109.2,0.45,90.9,90.3,46.5,0.346,12.7,10.3,10.9,77.8
9.2,0.468,13.5,0.547,109.5,14.9,18.4,13.1,19.7,25.2,112.5,0.448,84.4,86.7,44.4,0.419,12.6,8.5,13.4,79.5
11.2,0.449,13.8,0.515,114.8,16.2,21.2,11.9,18.5,23.4,107.2,0.478,90.6,90.7,43.3,0.398,12.7,9.9,12.0,74.9
10.6,0.448,13.1,0.52,109.5,15.3,17.4,12.2,17.9,24.1,108.9,0.446,90.3,92.9,47.9,0.423,11.0,10.6,13.1,77.8
10.1,0.473,12.3,0.535,111.0,13.8,17.1,12.1,16.2,20.9,113.1,0.463,88.9,86.5,44.1,0.344,12.9,10.8,11.0,76.8
9.6,0.471,13.7,0.549,109.9,15.1,16.5,11.0,17.8,22.8,112.3,0.457,85.1,89.1,44.9,0.414,11.1,9.1,13.4,78.9
8.6,0.468,12.7,0.534,109.0,14.2,18.4,10.4,16.9,22.4,111.3,0.463,87.9,86.0,45.4,0.36,12.5,10.5,11.6,80.3
10.5,0.468,12.4,0.53,108.8,13.7,15.5,11.3,19.8,24.8,110.8,0.455,85.5,89.6,42.9,0.353,12.6,8.2,10.7,76.8
9.1,0.462,13.0,0.534,112.2,14.5,19.2,12.4,15.7,20.3,110.2,0.471,88.4,85.5,42.6,0.395,13.6,9.7,12.7,78.4
10.4,0.476,12.0,0.534,108.0,13.2,17.0,11.5,15.0,19.1,110.0,0.446,88.5,88.5,42.8,0.317,13.0,8.7,10.2,76.7
9.0,0.444,11.5,0.506,109.5,12.8,15.3,12.2,17.6,22.7,108.5,0.465,88.6,86.9,44.5,0.364,13.2,10.3,11.1,79.1
10.1,0.459,13.8,0.529,112.7,15.3,16.2,10.7,16.6,22.4,109.0,0.48,85.7,87.3,41.7,0.381,12.7,9.8,12.0,75.9
9.7,0.458,14.6,0.522,115.4,16.5,14.7,12.4,15.1,19.9,107.5,0.491,87.9,89.4,44.2,0.362,11.7,10.8,11.2,77.4
10.2,0.447,13.7,0.515,109.8,15.5,19.7,11.2,15.5,20.5,106.7,0.479,88.6,82.5,41.9,0.396,16.3,10.5,12.2,75.6
10.2,0.438,13.2,0.497,113.8,14.9,17.1,13.5,18.7,23.2,105.2,0.476,88.2,88.6,42.8,0.355,13.7,10.0,10.4,76.4
9.6,0.447,12.6,0.501,113.0,14.3,19.2,13.3,16.3,23.5,106.5,0.463,89.3,86.0,46.5,0.318,12.4,12.0,9.6,78.3
10.9,0.434,13.3,0.504,113.3,14.6,14.0,12.4,16.2,21.6,106.3,0.476,85.9,87.5,42.8,0.399,13.1,11.0,12.1,74.4
9.6,0.487,12.0,0.566,111.4,13.8,14.6,14.8,16.2,21.4,117.2,0.456,91.8,92.9,48.1,0.404,11.5,10.3,14.4,79.7
10.5,0.494,12.2,0.575,113.8,13.5,17.1,13.2,18.1,22.5,118.3,0.459,87.3,91.3,44.4,0.413,11.1,8.9,14.2,77.3
10.3,0.475,12.3,0.531,113.0,14.4,19.8,12.4,20.1,26.2,111.2,0.471,90.9,91.6,45.2,0.319,12.5,9.7,10.2,77.6
9.8,0.468,12.7,0.563,108.3,14.2,14.5,10.9,17.2,21.5,117.6,0.447,88.1,91.4,48.3,0.488,10.3,10.6,16.7,79.3
9.9,0.453,9.9,0.54,116.0,11.1,17.9,12.9,17.8,21.6,117.8,0.473,91.1,88.3,44.5,0.448,11.2,10.6,15.7,77.5
9.4,0.49,11.5,0.564,111.3,12.5,16.8,11.6,15.6,18.7,117.2,0.467,88.3,86.8,42.9,0.392,12.4,8.8,13.1,78.5
11.3,0.474,11.9,0.542,112.4,13.5,18.4,11.5,16.4,20.7,112.4,0.468,91.2,91.3,42.7,0.372,12.7,9.0,12.3,74.9
9.1,0.485,12.1,0.557,112.1,13.5,17.1,13.0,15.7,19.5,117.1,0.469,89.2,85.4,44.4,0.383,12.9,10.5,12.9,78.9
8.9,0.477,12.7,0.537,113.8,14.6,16.6,14.5,19.0,26.1,113.5,0.469,89.1,89.3,47.4,0.342,11.9,11.7,10.6,80.0
9.2,0.482,12.2,0.564,111.2,13.2,16.1,11.6,16.2,19.3,117.6,0.464,86.7,86.4,44.2,0.4,11.9,9.4,14.3,79.1
10.0,0.468,11.9,0.539,113.3,13.2,16.9,11.9,19.7,24.2,115.7,0.463,87.2,89.1,45.6,0.382,11.1,10.6,12.4,77.8
10.7,0.481,12.0,0.549,117.2,13.4,17.8,12.4,16.4,22.0,113.6,0.488,88.6,89.4,41.4,0.376,12.1,9.4,12.1,75.0
10.7,0.468,13.3,0.551,110.1,15.0,19.8,12.4,16.6,21.1,111.1,0.452,88.2,89.0,43.0,0.439,13.1,8.0,14.6,76.6
9.8,0.476,12.8,0.541,107.6,14.4,17.4,11.9,19.6,25.5,113.2,0.453,86.9,86.9,45.1,0.347,13.8,10.0,11.3,78.2
9.8,0.467,11.6,0.528,111.0,13.3,17.4,12.9,16.4,21.3,112.0,0.462,91.8,88.7,46.5,0.342,13.1,11.2,11.2,78.3
9.4,0.466,12.5,0.543,112.5,14.1,18.5,12.8,16.1,20.8,114.0,0.464,88.9,86.0,44.3,0.409,12.8,10.6,13.6,78.1
9.8,0.47,11.1,0.55,113.0,12.1,17.2,12.8,16.5,21.2,115.4,0.46,87.3,87.1,43.3,0.436,11.5,9.1,13.8,77.8
10.0,0.448,12.4,0.52,115.0,14.3,18.5,13.1,17.6,23.1,109.5,0.482,90.9,89.3,43.5,0.413,13.3,10.5,13.1,76.8
10.0,0.448,11.9,0.529,112.5,13.2,19.8,13.9,17.4,21.3,112.0,0.461,88.7,84.7,41.6,0.444,14.4,9.4,14.5,76.3
10.2,0.462,10.2,0.517,112.8,11.4,15.7,12.3,17.4,22.0,111.0,0.472,90.5,89.8,43.9,0.314,11.8,9.3,9.9,77.3
8.7,0.476,13.6,0.547,112.0,15.1,17.2,11.5,13.8,17.5,111.1,0.473,88.6,87.7,45.0,0.383,11.6,9.6,12.6,80.3
8.8,0.472,13.6,0.536,107.1,15.2,15.9,11.4,17.2,23.3,109.9,0.46,86.1,86.4,44.2,0.363,13.7,9.7,11.1,79.7
10.6,0.455,13.3,0.532,112.8,14.8,14.4,14.5,15.9,20.9,110.9,0.468,87.8,88.1,43.8,0.422,13.2,10.6,13.7,75.7
9.9,0.444,13.0,0.521,114.9,14.7,17.9,13.4,16.5,22.3,107.1,0.48,88.5,89.0,42.6,0.459,12.9,9.3,13.8,77.1
9.5,0.468,13.1,0.546,111.2,14.1,15.6,14.3,16.7,21.1,111.2,0.459,83.7,85.2,41.5,0.432,13.8,8.0,12.9,77.9
9.7,0.456,11.9,0.524,108.2,12.9,16.9,12.0,16.4,20.9,110.6,0.44,86.5,86.2,45.1,0.347,11.7,9.7,11.8,78.6
10.0,0.452,13.5,0.519,112.5,14.9,17.0,11.3,17.8,23.4,108.0,0.476,85.6,86.9,42.7,0.385,12.6,9.6,11.6,76.9
10.1,0.441,14.2,0.509,114.0,16.1,15.3,13.6,15.5,21.3,103.5,0.473,88.0,91.7,45.6,0.399,11.5,9.9,11.9,77.9
9.8,0.429,11.5,0.49,114.5,12.8,15.2,13.7,16.6,21.4,105.1,0.471,89.2,89.7,45.4,0.356,11.5,10.4,10.9,78.2
9.9,0.45,13.9,0.508,114.4,15.5,15.9,12.4,16.7,22.4,105.8,0.484,85.8,86.7,42.8,0.347,13.0,10.4,10.0,76.6
11.0,0.457,12.4,0.539,111.7,14.3,19.8,13.1,18.0,23.1,114.3,0.46,91.0,87.4,44.2,0.454,14.2,11.2,14.8,74.9
10.0,0.461,11.2,0.522,109.0,13.2,17.3,12.0,17.0,23.1,114.6,0.455,94.4,88.6,49.2,0.346,13.3,14.1,11.5,77.8
9.9,0.468,11.9,0.546,111.8,13.4,15.0,14.5,17.8,22.9,115.1,0.456,89.4,90.6,46.7,0.43,11.6,10.2,14.1,78.6
11.4,0.468,11.6,0.544,113.7,13.3,16.9,14.0,15.8,21.4,114.1,0.466,91.4,90.1,44.6,0.418,13.1,10.8,13.9,74.8
10.5,0.485,11.6,0.549,107.3,12.9,17.3,11.6,15.9,19.9,114.8,0.444,90.1,88.3,45.3,0.354,13.0,9.8,11.6,77.1
10.2,0.47,10.8,0.543,114.9,11.9,15.8,12.8,18.1,22.3,116.5,0.471,88.3,89.0,44.0,0.39,11.5,10.0,12.9,76.9
9.9,0.471,12.7,0.555,110.5,14.0,14.6,12.1,17.9,23.4,116.7,0.453,86.2,89.2,46.3,0.468,10.9,10.8,14.5,78.3
11.4,0.467,11.1,0.527,112.3,12.7,16.0,12.1,15.4,20.4,112.4,0.466,92.7,91.2,45.3,0.345,12.1,11.0,11.3,75.1
11.3,0.475,12.5,0.54,112.8,14.1,18.1,12.5,17.5,21.7,113.6,0.452,88.4,90.2,44.4,0.359,11.7,10.3,11.5,75.1
9.7,0.483,13.2,0.556,112.1,14.5,16.5,11.8,16.7,21.0,114.5,0.47,86.3,87.4,44.1,0.416,11.7,9.2,12.7,78.3
11.0,0.469,12.8,0.537,113.3,14.5,17.4,12.6,16.8,23.0,110.3,0.47,88.8,90.5,44.0,0.388,12.2,9.5,12.0,75.8
10.5,0.466,12.4,0.542,106.9,13.6,16.1,11.8,17.0,20.9,114.4,0.434,87.4,88.1,46.1,0.425,12.5,10.5,13.2,77.3
9.3,0.48,11.8,0.541,113.6,12.8,17.4,11.7,17.5,21.5,113.2,0.474,86.9,87.4,42.3,0.332,11.9,8.7,10.6,78.3
10.2,0.463,12.7,0.531,116.1,14.4,17.9,12.0,16.4,21.4,112.6,0.483,89.5,88.0,43.9,0.395,11.9,11.3,12.2,76.2
9.7,0.469,13.5,0.552,106.9,14.9,17.4,12.2,15.6,20.3,112.5,0.438,86.4,86.6,45.5,0.456,13.0,9.8,14.3,78.7
10.6,0.46,12.5,0.525,115.3,14.1,15.9,13.0,17.9,23.3,109.9,0.479,88.1,90.6,42.9,0.377,11.9,9.6,11.4,76.0
9.5,0.467,13.4,0.547,109.1,14.6,17.5,13.0,17.3,21.4,113.7,0.447,84.8,84.0,43.7,0.422,13.8,9.8,13.6,78.0
10.2,0.466,11.6,0.534,110.8,12.5,16.6,11.4,19.6,23.8,113.5,0.458,84.5,86.5,42.3,0.376,12.1,8.5,11.6,76.8
11.2,0.456,14.5,0.534,116.7,16.5,18.5,12.8,17.5,24.5,108.4,0.483,86.4,89.9,42.0,0.448,12.3,9.6,13.5,74.4
10.3,0.445,11.0,0.51,110.5,12.5,16.8,12.4,16.2,21.3,112.9,0.462,91.3,84.4,45.3,0.375,14.4,13.4,11.9,75.6
9.3,0.457,12.5,0.517,113.0,14.1,16.8,13.0,18.3,23.2,112.0,0.471,88.0,85.5,45.2,0.365,13.0,12.0,10.6,78.2
10.2,0.472,12.1,0.532,114.5,13.1,18.0,11.5,17.0,21.7,111.1,0.464,86.0,88.9,43.1,0.356,10.7,9.0,10.5,76.9
12.0,0.458,12.5,0.531,110.1,13.7,15.2,11.7,15.5,19.6,110.1,0.45,87.4,90.6,44.0,0.391,12.0,9.1,12.8,74.4
9.5,0.461,11.7,0.538,109.4,12.5,15.8,10.9,16.4,21.2,112.8,0.457,85.1,85.4,43.0,0.439,12.2,9.3,13.1,78.0
10.5,0.469,13.2,0.538,109.7,14.4,15.0,11.7,16.8,22.1,111.9,0.452,84.6,87.2,44.2,0.387,12.3,10.2,11.6,76.5
9.3,0.437,12.0,0.513,110.5,13.3,17.0,12.7,18.0,24.1,110.4,0.447,86.2,86.0,46.1,0.428,11.7,11.5,13.2,78.8
9.8,0.442,13.0,0.515,116.9,14.5,19.1,13.8,16.4,21.6,107.8,0.479,87.1,85.9,42.9,0.422,12.7,10.4,12.7,76.9
10.3,0.431,12.6,0.494,113.8,14.2,19.5,11.8,17.2,22.0,106.0,0.473,88.6,86.0,43.0,0.391,13.1,11.0,11.3,75.6
10.4,0.434,13.0,0.503,112.5,14.5,17.4,13.2,15.5,19.7,104.5,0.458,88.3,89.0,44.3,0.417,11.7,9.1,12.2,77.2
11.0,0.43,12.5,0.497,112.8,14.0,15.3,13.6,15.0,19.9,104.6,0.458,89.1,90.5,45.6,0.419,11.8,10.4,12.1,76.1
9.7,0.494,12.0,0.572,116.8,13.5,18.1,12.5,19.8,25.1,119.4,0.492,88.2,88.9,42.5,0.423,12.6,9.5,13.8,77.2
10.7,0.479,14.1,0.571,114.4,16.3,19.4,12.9,16.0,20.2,116.1,0.469,90.2,90.5,44.6,0.479,12.3,10.5,16.6,76.0
10.6,0.483,11.2,0.541,116.3,12.9,18.6,11.9,18.5,22.6,116.6,0.486,92.4,90.2,44.4,0.331,12.4,11.2,10.8,75.8
9.7,0.475,12.0,0.566,111.5,13.4,16.2,11.6,17.5,21.6,118.0,0.463,88.8,90.2,45.3,0.48,11.3,9.7,16.0,78.5
12.0,0.465,11.2,0.531,114.2,13.0,19.6,12.9,19.2,23.7,115.2,0.474,92.6,88.4,43.6,0.369,14.4,11.4,12.1,72.9
11.1,0.482,12.3,0.542,113.9,14.1,16.1,12.5,20.6,26.6,114.5,0.469,89.0,93.9,45.7,0.351,10.9,10.0,10.8,76.3
11.2,0.473,13.3,0.547,116.7,15.4,18.8,12.5,18.7,23.8,115.8,0.473,89.8,91.6,45.9,0.421,10.9,11.8,13.3,75.2
11.0,0.475,11.7,0.54,111.2,13.6,18.5,13.0,17.5,23.8,115.1,0.453,92.1,89.8,46.6,0.372,13.1,12.0,12.0,75.9
10.7,0.473,12.7,0.555,111.9,14.6,16.3,12.1,16.6,22.4,115.4,0.456,90.4,93.2,48.6,0.446,10.4,11.1,14.8,77.8
12.1,0.469,13.0,0.545,117.7,14.9,20.5,12.4,18.7,23.7,114.6,0.485,89.6,89.3,41.5,0.413,13.0,10.1,13.6,72.2
10.1,0.47,11.4,0.541,114.8,13.0,18.5,13.0,19.4,25.5,117.8,0.462,89.4,88.2,46.6,0.4,11.4,12.6,12.6,77.1
10.1,0.504,13.1,0.573,114.2,14.5,17.6,11.4,16.8,22.4,117.6,0.478,86.4,87.4,43.0,0.361,12.2,10.1,11.8,76.4
11.3,0.49,13.6,0.56,113.8,15.3,19.9,12.3,17.9,23.7,113.7,0.471,87.4,88.7,41.9,0.381,13.3,9.1,12.2,74.3
9.5,0.487,12.6,0.563,113.3,13.7,18.5,11.6,21.0,25.1,117.7,0.473,83.8,85.4,40.9,0.389,13.0,8.7,12.6,77.2
9.7,0.48,12.9,0.543,112.5,14.6,18.4,12.2,19.3,24.4,114.4,0.472,87.6,86.6,43.7,0.344,13.4,10.6,11.0,77.4
10.1,0.475,11.4,0.565,116.7,12.2,19.5,11.1,19.0,25.1,116.8,0.485,84.3,86.2,38.8,0.487,11.9,7.6,15.2,75.5
10.2,0.467,12.0,0.535,113.0,13.5,20.1,11.4,17.2,21.7,115.1,0.466,90.1,85.9,44.2,0.362,12.9,11.8,12.2,76.0
10.2,0.477,12.8,0.551,114.5,14.2,17.2,12.2,18.7,23.9,115.0,0.474,86.1,88.3,43.2,0.387,11.7,9.8,12.7,76.6
10.5,0.474,13.1,0.549,118.8,14.5,19.0,12.5,19.6,24.6,114.8,0.491,85.4,87.5,40.5,0.413,12.1,9.4,12.9,74.9
11.5,0.487,12.7,0.562,114.1,13.7,18.7,11.8,17.7,22.1,115.0,0.463,85.1,88.5,40.5,0.397,12.2,8.2,12.8,73.7
10.8,0.485,12.7,0.55,115.6,14.1,17.5,12.0,17.6,22.4,114.4,0.473,86.9,89.8,43.6,0.365,11.0,9.4,11.3,76.1
9.6,0.49,12.2,0.55,112.2,13.4,17.1,13.2,17.6,21.8,113.5,0.468,86.8,87.1,42.4,0.333,13.5,8.5,10.4,77.8
10.7,0.465,13.0,0.525,120.0,15.3,18.2,12.6,15.8,21.2,110.2,0.507,92.6,91.0,43.7,0.348,12.0,11.8,11.1,74.9
9.2,0.459,10.3,0.517,114.0,11.7,18.4,12.2,18.4,23.4,115.5,0.491,91.3,82.3,43.0,0.351,15.3,12.7,10.7,76.7
9.8,0.488,12.3,0.556,110.6,13.3,17.5,11.3,17.5,22.5,116.1,0.468,85.2,83.5,41.1,0.371,14.4,9.7,11.6,76.3
9.5,0.47,13.4,0.532,114.2,15.1,18.3,13.0,19.6,25.0,111.6,0.476,86.3,86.9,43.2,0.361,13.1,10.2,10.8,77.7
10.9,0.457,12.3,0.516,115.3,14.2,19.0,12.2,17.6,23.6,109.2,0.477,90.4,90.1,44.5,0.36,12.5,11.0,10.7,75.5
10.5,0.457,14.0,0.516,119.3,16.2,19.2,14.5,19.1,25.3,111.4,0.482,88.9,88.1,46.3,0.359,11.8,13.4,10.4,75.8
11.0,0.454,13.3,0.52,118.9,15.1,20.4,12.0,19.8,25.7,110.7,0.489,87.1,88.1,42.4,0.372,11.9,11.2,11.4,74.0
8.9,0.46,12.4,0.53,113.3,13.5,16.5,13.1,19.1,23.0,113.0,0.482,85.3,83.2,40.6,0.408,14.5,9.7,12.0,77.7
11.0,0.507,11.3,0.578,118.0,12.9,20.5,10.7,16.1,20.5,121.0,0.496,92.7,89.8,41.5,0.38,12.1,10.1,13.2,74.1
11.1,0.487,10.8,0.578,111.6,11.9,13.3,12.9,16.3,20.2,123.2,0.453,90.2,91.6,46.3,0.471,10.8,10.7,16.5,76.3
11.8,0.499,11.4,0.573,112.1,12.7,18.1,13.4,17.7,21.5,119.5,0.455,89.3,89.3,42.0,0.383,13.6,8.8,13.3,73.8
10.3,0.487,11.5,0.568,115.8,12.9,17.4,12.6,18.5,23.9,118.4,0.47,88.5,91.9,44.2,0.43,10.6,9.4,14.2,77.2
10.6,0.465,11.6,0.539,119.4,13.5,17.3,14.0,18.5,23.2,117.2,0.495,92.5,90.2,44.7,0.408,12.4,12.5,13.7,75.2
10.9,0.499,12.5,0.566,115.3,14.0,14.3,14.3,18.9,24.2,115.9,0.474,87.5,93.7,43.1,0.358,11.7,8.2,11.8,76.2
10.9,0.481,11.2,0.562,115.4,12.5,16.6,13.1,17.0,22.5,117.6,0.475,89.7,90.4,42.9,0.441,12.1,9.7,14.6,75.2
10.9,0.477,12.5,0.557,115.2,14.3,17.7,13.3,15.6,20.0,117.8,0.466,91.6,90.4,46.7,0.425,11.5,12.1,14.8,76.1
9.1,0.477,11.6,0.556,115.2,13.1,18.5,13.1,15.5,20.9,116.9,0.48,90.9,86.8,44.0,0.432,12.5,10.8,14.4,78.4
11.0,0.493,13.4,0.565,114.6,14.9,16.1,13.1,18.9,23.4,117.6,0.464,86.1,90.6,44.1,0.378,11.3,10.1,12.4,75.6
11.0,0.467,13.6,0.539,120.4,15.7,16.6,14.8,18.8,22.6,115.5,0.487,89.9,91.6,45.5,0.406,10.9,12.2,12.9,75.2
11.1,0.489,12.0,0.561,115.4,13.1,16.2,12.9,18.3,22.2,118.8,0.468,86.7,88.9,43.0,0.383,11.7,10.0,12.6,74.8
10.1,0.486,11.8,0.558,112.9,13.0,16.2,13.5,17.6,22.8,117.4,0.464,87.4,87.3,44.0,0.373,12.9,10.4,12.5,76.9
10.9,0.496,11.5,0.562,113.0,12.6,17.1,11.2,15.1,19.9,118.5,0.462,88.8,87.9,44.4,0.352,11.2,10.7,11.7,75.6
11.0,0.464,10.7,0.532,113.8,12.0,18.6,11.9,19.5,23.6,116.9,0.468,89.4,86.6,43.0,0.373,13.1,11.0,12.1,74.3
10.7,0.459,11.2,0.529,113.4,12.7,19.3,12.3,18.1,23.4,114.5,0.463,91.0,88.1,45.5,0.397,12.2,11.5,12.7,76.0
12.1,0.47,12.2,0.538,119.6,14.0,18.6,12.3,15.4,20.2,110.5,0.496,91.4,92.9,41.1,0.389,12.0,9.2,12.4,72.5
10.3,0.485,13.0,0.559,109.0,14.2,17.1,11.4,17.8,22.9,115.6,0.45,85.0,86.8,43.6,0.384,12.9,9.4,12.6,76.9
10.2,0.465,11.9,0.54,113.4,13.2,15.1,12.5,17.0,21.8,118.2,0.47,88.7,85.7,45.2,0.404,12.3,12.7,13.2,76.1
10.0,0.479,12.4,0.557,112.7,13.6,16.6,12.5,15.6,20.4,115.2,0.463,87.2,87.5,43.3,0.422,12.3,9.8,13.5,76.9
11.2,0.471,12.4,0.535,118.8,14.0,15.6,13.7,16.3,21.6,112.3,0.491,89.7,91.2,42.7,0.369,12.2,10.9,11.5,73.9
10.1,0.47,11.0,0.534,116.3,12.2,16.9,14.6,16.7,21.1,114.9,0.473,89.5,87.0,43.8,0.358,12.7,11.2,11.5,76.4
10.5,0.462,13.2,0.532,116.4,15.1,16.0,12.7,15.6,20.0,110.0,0.487,90.7,92.3,44.2,0.401,11.7,10.4,12.6,76.4
8.9,0.476,13.3,0.541,111.3,14.7,17.3,11.5,18.5,24.4,113.4,0.474,84.9,84.0,42.3,0.369,13.8,10.5,11.0,78.1
10.3,0.456,11.8,0.531,116.1,13.1,17.1,13.0,15.8,20.9,113.2,0.47,89.1,88.5,44.1,0.412,11.4,11.4,13.3,76.0
9.2,0.465,11.7,0.538,112.2,12.7,15.0,13.0,18.0,22.0,114.0,0.467,85.6,86.0,42.3,0.394,12.7,9.3,12.5,78.1
9.6,0.463,13.5,0.526,118.8,15.2,19.6,12.1,17.0,21.7,109.7,0.49,88.2,89.0,43.3,0.36,11.1,10.5,11.0,77.3
10.6,0.46,12.6,0.529,119.8,13.8,16.5,13.6,14.5,18.4,109.3,0.494,87.0,87.7,40.3,0.391,12.3,9.3,12.1,74.5
10.6,0.439,13.4,0.503,117.5,15.2,18.7,11.7,16.2,20.5,108.3,0.491,89.7,86.6,42.7,0.37,12.8,12.6,11.5,74.0
10.7,0.435,13.4,0.509,114.3,15.1,17.0,13.4,16.0,21.0,107.2,0.474,88.2,86.9,42.6,0.428,13.5,10.9,13.1,74.8
